Samples    property    nMgO    O_coord    HL_gap    av_d    av_O_Mc    ratio_Mg_Si_cluster    Q_1    Q_2    Q_3    Q_4    Q_5    Q_6
CO-MgO_10_SiO2_10_Escatllar-site12    0.542    10    3    3.565    1.918    -0.651    1.0    0.269    0.408    0.773    0.524    0.437    0.68
CO-MgO_10_SiO2_10_Escatllar-site13    0.398    10    4    3.565    2.032    -0.617    1.0    0.23    0.38    0.484    0.572    0.491    0.527
CO-MgO_10_SiO2_10_Escatllar-site14    0.475    10    4    3.565    2.073    -0.657    1.0    0.212    0.401    0.44    0.643    0.373    0.598
CO-MgO_10_SiO2_10_Escatllar-site16    0.547    10    3    3.565    1.948    -0.649    1.0    0.246    0.499    0.691    0.513    0.621    0.551
CO-MgO_10_SiO2_10_Escatllar-site17    0.368    10    3    3.565    1.971    -0.641    1.0    0.173    0.542    0.636    0.643    0.481    0.511
CO-MgO_10_SiO2_10_Escatllar-site39    0.661    10    3    3.565    1.901    -0.699    1.0    0.395    0.279    0.747    0.643    0.359    0.605
CO-MgO_10_SiO2_10_Escatllar-site42    0.605    10    3    3.565    1.96    -0.673    1.0    0.262    0.397    0.791    0.512    0.39    0.724
CO-MgO_10_SiO2_10_Escatllar-site43    0.42    10    4    3.565    2.048    -0.708    1.0    0.273    0.265    0.599    0.461    0.526    0.569
CO-MgO_10_SiO2_10_Escatllar-site48    0.583    10    4    3.565    2.019    -0.655    1.0    0.328    0.303    0.394    0.73    0.308    0.537
CO-MgO_10_SiO2_5_Andreas_0-site18    0.402    10    4    3.305    2.057    -0.748    2.0    0.24    0.351    0.519    0.512    0.597    0.447
CO-MgO_10_SiO2_5_Andreas_0-site20    0.558    10    3    3.305    1.949    -0.762    2.0    0.448    0.405    0.6    0.617    0.659    0.472
CO-MgO_10_SiO2_5_Andreas_0-site22    0.599    10    4    3.305    2.061    -0.648    2.0    0.386    0.282    0.429    0.566    0.638    0.394
CO-MgO_10_SiO2_5_Andreas_0-site26    0.494    10    4    3.305    2.069    -0.635    2.0    0.241    0.404    0.399    0.657    0.419    0.558
CO-MgO_10_SiO2_5_Andreas_0-site29    0.429    10    4    3.305    2.01    -0.756    2.0    0.279    0.339    0.433    0.681    0.361    0.561
CO-MgO_10_SiO2_5_Andreas_0-site32    0.47    10    4    3.305    2.052    -0.667    2.0    0.229    0.394    0.445    0.591    0.54    0.472
CO-MgO_10_SiO2_5_Andreas_0-site33    0.392    10    4    3.305    1.999    -0.727    2.0    0.232    0.265    0.575    0.588    0.423    0.452
CO-MgO_10_SiO2_5_Andreas_0-site34    0.58    10    4    3.305    2.049    -0.673    2.0    0.379    0.286    0.422    0.587    0.621    0.389
CO-MgO_10_SiO2_5_Andreas_0-site6    0.532    10    3    3.305    2.011    -0.703    2.0    0.358    0.518    0.601    0.531    0.662    0.567
CO-MgO_10_SiO2_5_Andreas_1-site1    0.471    10    3    3.039    1.958    -0.654    2.0    0.147    0.486    0.767    0.456    0.513    0.675
CO-MgO_10_SiO2_5_Andreas_1-site12    0.513    10    4    3.039    2.037    -0.637    2.0    0.371    0.272    0.468    0.551    0.619    0.403
CO-MgO_10_SiO2_5_Andreas_1-site16    0.462    10    4    3.039    2.024    -0.785    2.0    0.324    0.304    0.391    0.727    0.349    0.522
CO-MgO_10_SiO2_5_Andreas_1-site17    0.596    10    4    3.039    2.045    -0.66    2.0    0.386    0.272    0.393    0.656    0.539    0.414
CO-MgO_10_SiO2_5_Andreas_1-site18    0.562    10    4    3.039    2.047    -0.66    2.0    0.342    0.306    0.432    0.631    0.513    0.455
CO-MgO_10_SiO2_5_Andreas_1-site19    0.593    10    4    3.039    2.052    -0.819    2.0    0.351    0.282    0.398    0.707    0.423    0.452
CO-MgO_10_SiO2_5_Andreas_1-site22    0.32    10    4    3.039    2.067    -0.722    2.0    0.286    0.436    0.401    0.485    0.651    0.506
CO-MgO_10_SiO2_5_Andreas_1-site29    0.554    10    4    3.039    2.035    -0.642    2.0    0.385    0.274    0.403    0.633    0.568    0.407
CO-MgO_10_SiO2_5_Andreas_1-site32    0.395    10    4    3.039    2.027    -0.797    2.0    0.306    0.293    0.515    0.535    0.608    0.376
CO-MgO_10_SiO2_5_Andreas_2-site0    0.413    10    4    3.311    2.001    -0.732    2.0    0.247    0.282    0.541    0.619    0.416    0.448
CO-MgO_10_SiO2_5_Andreas_2-site11    0.492    10    4    3.311    2.069    -0.639    2.0    0.243    0.406    0.391    0.656    0.447    0.526
CO-MgO_10_SiO2_5_Andreas_2-site14    0.606    10    3    3.311    1.976    -0.665    2.0    0.392    0.452    0.633    0.562    0.635    0.555
CO-MgO_10_SiO2_5_Andreas_2-site15    0.476    10    3    3.311    1.962    -0.661    2.0    0.164    0.498    0.74    0.48    0.555    0.615
CO-MgO_10_SiO2_5_Andreas_2-site24    0.564    10    3    3.311    1.954    -0.763    2.0    0.446    0.407    0.601    0.616    0.658    0.473
CO-MgO_10_SiO2_5_Andreas_2-site25    0.551    10    4    3.311    2.041    -0.655    2.0    0.363    0.303    0.414    0.613    0.575    0.418
CO-MgO_10_SiO2_5_Andreas_2-site27    0.415    10    4    3.311    2.044    -0.761    2.0    0.274    0.299    0.535    0.526    0.599    0.385
CO-MgO_10_SiO2_5_Andreas_2-site32    0.498    10    3    3.311    1.97    -0.72    2.0    0.343    0.557    0.496    0.671    0.581    0.533
CO-MgO_10_SiO2_5_Andreas_2-site34    0.386    10    4    3.311    2.003    -0.774    2.0    0.283    0.318    0.446    0.68    0.41    0.475
CO-MgO_10_SiO2_5_Andreas_3-site14    0.574    10    4    3.628    2.038    -0.65    2.0    0.386    0.274    0.403    0.631    0.568    0.409
CO-MgO_10_SiO2_5_Andreas_3-site18    0.395    10    4    3.628    2.024    -0.796    2.0    0.278    0.297    0.538    0.528    0.582    0.397
CO-MgO_10_SiO2_5_Andreas_3-site19    0.485    10    4    3.628    2.021    -0.622    2.0    0.374    0.247    0.471    0.578    0.595    0.396
CO-MgO_10_SiO2_5_Andreas_3-site2    0.445    10    4    3.628    2.016    -0.821    2.0    0.339    0.311    0.394    0.666    0.52    0.435
CO-MgO_10_SiO2_5_Andreas_3-site23    0.491    10    3    3.628    1.995    -0.623    2.0    0.237    0.606    0.566    0.478    0.749    0.483
CO-MgO_10_SiO2_5_Andreas_3-site27    0.376    10    4    3.628    2.038    -0.682    2.0    0.257    0.276    0.532    0.642    0.375    0.446
CO-MgO_10_SiO2_5_Andreas_3-site30    0.474    10    4    3.628    2.018    -0.849    2.0    0.381    0.257    0.332    0.754    0.425    0.425
CO-MgO_10_SiO2_5_Andreas_3-site34    0.606    10    3    3.628    1.967    -0.639    2.0    0.389    0.455    0.633    0.56    0.636    0.555
CO-MgO_10_SiO2_5_Andreas_3-site8    0.515    10    4    3.628    2.054    -0.709    2.0    0.332    0.344    0.426    0.579    0.586    0.447
CO-MgO_10_SiO2_5_Escatllar-site0    0.594    10    4    3.419    2.066    -0.649    2.0    0.353    0.34    0.434    0.525    0.654    0.394
CO-MgO_10_SiO2_5_Escatllar-site11    0.435    10    4    3.419    2.042    -0.683    2.0    0.227    0.401    0.448    0.575    0.541    0.513
CO-MgO_10_SiO2_5_Escatllar-site13    0.299    10    4    3.419    1.992    -0.785    2.0    0.066    0.414    0.457    0.636    0.524    0.24
CO-MgO_10_SiO2_5_Escatllar-site15    0.604    10    4    3.419    2.054    -0.695    2.0    0.398    0.267    0.439    0.538    0.669    0.4
CO-MgO_10_SiO2_5_Escatllar-site2    0.554    10    4    3.419    2.062    -0.658    2.0    0.354    0.326    0.421    0.601    0.531    0.517
CO-MgO_10_SiO2_5_Escatllar-site21    0.527    10    4    3.419    2.014    -0.713    2.0    0.381    0.262    0.358    0.721    0.463    0.419
CO-MgO_10_SiO2_5_Escatllar-site26    0.368    10    4    3.419    2.053    -0.718    2.0    0.328    0.332    0.386    0.688    0.4    0.569
CO-MgO_10_SiO2_5_Escatllar-site31    0.405    10    4    3.419    2.0    -0.723    2.0    0.237    0.272    0.569    0.581    0.443    0.456
CO-MgO_10_SiO2_5_Escatllar-site34    0.535    10    3    3.419    1.994    -0.713    2.0    0.367    0.503    0.597    0.564    0.65    0.536
CO-MgO_10_SiO2_5_Escatllar-site9    0.452    10    4    3.419    2.036    -0.707    2.0    0.21    0.351    0.502    0.626    0.382    0.548
CO-MgO_12_SiO2_6_Andreas_0-site10    0.421    12    4    3.063    2.037    -0.759    2.0    0.304    0.382    0.439    0.507    0.656    0.41
CO-MgO_12_SiO2_6_Andreas_0-site13    0.458    12    4    3.063    2.034    -0.759    2.0    0.325    0.325    0.456    0.562    0.614    0.383
CO-MgO_12_SiO2_6_Andreas_0-site15    0.384    12    4    3.063    2.005    -0.772    2.0    0.254    0.252    0.496    0.728    0.281    0.397
CO-MgO_12_SiO2_6_Andreas_0-site16    0.5    12    4    3.063    2.017    -0.655    2.0    0.302    0.322    0.414    0.715    0.285    0.578
CO-MgO_12_SiO2_6_Andreas_0-site2    0.419    12    4    3.063    2.027    -0.871    2.0    0.31    0.237    0.484    0.683    0.436    0.354
CO-MgO_12_SiO2_6_Andreas_0-site23    0.433    12    4    3.063    2.019    -0.713    2.0    0.325    0.307    0.391    0.726    0.334    0.539
CO-MgO_12_SiO2_6_Andreas_0-site25    0.57    12    3    3.063    1.96    -0.681    2.0    0.358    0.471    0.653    0.521    0.643    0.593
CO-MgO_12_SiO2_6_Andreas_0-site27    0.583    12    3    3.063    1.951    -0.676    2.0    0.359    0.454    0.68    0.494    0.631    0.646
CO-MgO_12_SiO2_6_Andreas_0-site35    0.531    12    3    3.063    1.945    -0.764    2.0    0.336    0.399    0.723    0.57    0.521    0.591
CO-MgO_12_SiO2_6_Andreas_0-site36    0.494    12    4    3.063    2.017    -0.758    2.0    0.277    0.282    0.53    0.592    0.482    0.451
CO-MgO_12_SiO2_6_Andreas_1-site15    0.507    12    3    3.382    1.936    -0.77    2.0    0.258    0.406    0.785    0.51    0.412    0.711
CO-MgO_12_SiO2_6_Andreas_1-site2    0.566    12    3    3.382    1.945    -0.683    2.0    0.348    0.473    0.663    0.504    0.646    0.608
CO-MgO_12_SiO2_6_Andreas_1-site26    0.533    12    3    3.382    1.959    -0.843    2.0    0.266    0.482    0.705    0.494    0.622    0.587
CO-MgO_12_SiO2_6_Andreas_1-site3    0.38    12    4    3.382    2.007    -0.74    2.0    0.297    0.286    0.47    0.672    0.41    0.456
CO-MgO_12_SiO2_6_Andreas_1-site30    0.402    12    4    3.382    2.032    -0.735    2.0    0.237    0.27    0.586    0.539    0.49    0.468
CO-MgO_12_SiO2_6_Andreas_1-site36    0.44    12    4    3.382    2.018    -0.683    2.0    0.239    0.336    0.484    0.645    0.397    0.526
CO-MgO_12_SiO2_6_Andreas_1-site40    0.528    12    4    3.382    2.032    -0.773    2.0    0.276    0.333    0.464    0.603    0.579    0.313
CO-MgO_12_SiO2_6_Andreas_1-site41    0.605    12    4    3.382    2.043    -0.694    2.0    0.356    0.318    0.423    0.566    0.652    0.338
CO-MgO_12_SiO2_6_Andreas_1-site6    0.448    12    4    3.382    2.035    -0.716    2.0    0.333    0.33    0.427    0.584    0.618    0.358
CO-MgO_12_SiO2_6_Andreas_1-site8    0.496    12    3    3.382    1.912    -0.751    2.0    0.309    0.36    0.781    0.559    0.362    0.693
CO-MgO_12_SiO2_6_Andreas_1-site9    0.451    12    4    3.382    2.019    -0.781    2.0    0.339    0.298    0.375    0.733    0.365    0.513
CO-MgO_12_SiO2_6_Andreas_2-site13    0.522    12    3    3.451    1.937    -0.83    2.0    0.31    0.437    0.714    0.536    0.568    0.598
CO-MgO_12_SiO2_6_Andreas_2-site14    0.523    12    3    3.451    1.971    -0.67    2.0    0.22    0.541    0.659    0.489    0.683    0.513
CO-MgO_12_SiO2_6_Andreas_2-site18    0.563    12    4    3.451    2.072    -0.642    2.0    0.273    0.385    0.41    0.609    0.567    0.394
CO-MgO_12_SiO2_6_Andreas_2-site19    0.344    12    4    3.451    2.004    -0.785    2.0    0.27    0.296    0.499    0.645    0.419    0.458
CO-MgO_12_SiO2_6_Andreas_2-site2    0.452    12    4    3.451    2.052    -0.695    2.0    0.276    0.229    0.592    0.524    0.506    0.498
CO-MgO_12_SiO2_6_Andreas_2-site22    0.461    12    3    3.451    1.948    -0.876    2.0    0.255    0.477    0.715    0.503    0.597    0.588
CO-MgO_12_SiO2_6_Andreas_2-site28    0.474    12    3    3.451    2.011    -0.775    2.0    0.167    0.557    0.659    0.495    0.676    0.487
CO-MgO_12_SiO2_6_Andreas_2-site33    0.331    12    4    3.451    2.047    -0.774    2.0    0.197    0.354    0.523    0.583    0.45    0.521
CO-MgO_12_SiO2_6_Andreas_2-site37    0.361    12    4    3.451    2.015    -0.802    2.0    0.268    0.299    0.522    0.574    0.541    0.409
CO-MgO_12_SiO2_6_Andreas_2-site4    0.45    12    4    3.451    2.057    -0.766    2.0    0.247    0.387    0.46    0.56    0.558    0.5
CO-MgO_12_SiO2_6_Andreas_2-site9    0.503    12    3    3.451    1.951    -0.817    2.0    0.246    0.477    0.723    0.489    0.596    0.602
CO-MgO_12_SiO2_6_Andreas_3-site10    0.476    12    3    3.342    1.973    -0.805    2.0    0.186    0.478    0.752    0.493    0.514    0.637
CO-MgO_12_SiO2_6_Andreas_3-site13    0.44    12    4    3.342    2.037    -0.796    2.0    0.309    0.283    0.516    0.549    0.586    0.393
CO-MgO_12_SiO2_6_Andreas_3-site2    0.476    12    3    3.342    1.972    -0.805    2.0    0.186    0.478    0.753    0.491    0.514    0.638
CO-MgO_12_SiO2_6_Andreas_3-site21    0.532    12    3    3.342    1.94    -0.653    2.0    0.245    0.452    0.744    0.519    0.517    0.619
CO-MgO_12_SiO2_6_Andreas_3-site3    0.477    12    4    3.342    2.078    -0.634    2.0    0.222    0.399    0.436    0.626    0.449    0.548
CO-MgO_12_SiO2_6_Andreas_3-site32    0.53    12    3    3.342    1.941    -0.653    2.0    0.242    0.454    0.743    0.518    0.519    0.617
CO-MgO_12_SiO2_6_Andreas_3-site36    0.614    12    3    3.342    1.942    -0.739    2.0    0.309    0.372    0.77    0.559    0.403    0.669
CO-MgO_12_SiO2_6_Andreas_3-site37    0.443    12    4    3.342    2.037    -0.796    2.0    0.309    0.283    0.514    0.551    0.587    0.391
CO-MgO_12_SiO2_6_Andreas_3-site38    0.477    12    4    3.342    2.077    -0.634    2.0    0.223    0.398    0.435    0.628    0.446    0.549
CO-MgO_12_SiO2_6_Andreas_3-site4    0.431    12    4    3.342    2.021    -0.919    2.0    0.363    0.265    0.339    0.768    0.373    0.462
CO-MgO_12_SiO2_6_Andreas_3-site9    0.612    12    3    3.342    1.942    -0.738    2.0    0.307    0.375    0.77    0.557    0.407    0.669
CO-MgO_12_SiO2_6_Escatllar-site0    0.414    12    4    3.511    2.012    -0.761    2.0    0.283    0.327    0.51    0.554    0.516    0.499
CO-MgO_12_SiO2_6_Escatllar-site10    0.498    12    3    3.511    1.961    -0.674    2.0    0.29    0.571    0.527    0.647    0.585    0.549
CO-MgO_12_SiO2_6_Escatllar-site11    0.455    12    4    3.511    2.028    -0.726    2.0    0.343    0.31    0.379    0.703    0.419    0.519
CO-MgO_12_SiO2_6_Escatllar-site12    0.388    12    4    3.511    2.008    -0.746    2.0    0.218    0.271    0.586    0.555    0.487    0.431
CO-MgO_12_SiO2_6_Escatllar-site13    0.5    12    4    3.511    2.037    -0.731    2.0    0.266    0.305    0.489    0.657    0.397    0.479
CO-MgO_12_SiO2_6_Escatllar-site15    0.433    12    5    3.511    2.076    -0.775    2.0    0.278    0.248    0.248    0.581    0.595    0.231
CO-MgO_12_SiO2_6_Escatllar-site17    0.479    12    4    3.511    2.07    -0.712    2.0    0.25    0.419    0.436    0.51    0.632    0.471
CO-MgO_12_SiO2_6_Escatllar-site6    0.797    12    3    3.511    2.01    -0.795    2.0    0.505    0.135    0.668    0.734    0.452    0.445
CO-MgO_12_SiO2_6_Escatllar-site7    0.563    12    3    3.511    2.0    -0.65    2.0    0.352    0.545    0.52    0.642    0.609    0.518
CO-MgO_12_SiO2_6_Escatllar-site8    0.558    12    3    3.511    1.961    -0.672    2.0    0.361    0.475    0.633    0.559    0.639    0.54
CO-MgO_12_SiO2_6_Escatllar-site9    0.427    12    4    3.511    2.048    -0.738    2.0    0.255    0.358    0.487    0.545    0.605    0.339
CO-MgO_14_SiO2_7_Andreas_0-site0    0.549    14    4    3.165    2.012    -0.789    2.0    0.371    0.269    0.331    0.762    0.383    0.467
CO-MgO_14_SiO2_7_Andreas_0-site12    0.504    14    3    3.165    1.95    -0.758    2.0    0.312    0.479    0.643    0.607    0.594    0.462
CO-MgO_14_SiO2_7_Andreas_0-site14    0.475    14    3    3.165    1.916    -0.805    2.0    0.195    0.456    0.779    0.46    0.486    0.703
CO-MgO_14_SiO2_7_Andreas_0-site17    0.519    14    3    3.165    1.914    -0.808    2.0    0.292    0.42    0.746    0.526    0.512    0.643
CO-MgO_14_SiO2_7_Andreas_0-site25    0.49    14    3    3.165    1.933    -0.648    2.0    0.195    0.444    0.794    0.453    0.446    0.741
CO-MgO_14_SiO2_7_Andreas_0-site26    0.551    14    4    3.165    2.054    -0.664    2.0    0.311    0.366    0.407    0.609    0.54    0.492
CO-MgO_14_SiO2_7_Andreas_0-site29    0.426    14    3    3.165    1.942    -0.77    2.0    0.222    0.548    0.617    0.601    0.593    0.494
CO-MgO_14_SiO2_7_Andreas_0-site36    0.424    14    3    3.165    1.981    -0.776    2.0    0.094    0.487    0.792    0.394    0.504    0.743
CO-MgO_14_SiO2_7_Andreas_0-site37    0.421    14    4    3.165    2.017    -0.759    2.0    0.244    0.331    0.473    0.669    0.364    0.526
CO-MgO_14_SiO2_7_Andreas_0-site39    0.482    14    3    3.165    2.044    -0.767    2.0    0.44    0.215    0.725    0.69    0.36    0.543
CO-MgO_14_SiO2_7_Andreas_0-site46    0.458    14    5    3.165    2.083    -0.639    2.0    0.251    0.245    0.166    0.717    0.308    0.466
CO-MgO_14_SiO2_7_Andreas_0-site47    0.246    14    4    3.165    2.018    -0.778    2.0    0.229    0.302    0.573    0.516    0.527    0.482
CO-MgO_14_SiO2_7_Andreas_0-site9    0.451    14    4    3.165    2.042    -0.754    2.0    0.262    0.407    0.437    0.523    0.62    0.477
CO-MgO_14_SiO2_7_Andreas_1-site10    0.464    14    3    2.727    1.933    -0.754    2.0    0.238    0.52    0.668    0.521    0.641    0.525
CO-MgO_14_SiO2_7_Andreas_1-site12    0.476    14    4    2.727    2.038    -0.651    2.0    0.257    0.36    0.436    0.673    0.337    0.594
CO-MgO_14_SiO2_7_Andreas_1-site15    0.466    14    4    2.727    2.06    -0.676    2.0    0.24    0.368    0.464    0.636    0.367    0.602
CO-MgO_14_SiO2_7_Andreas_1-site16    0.456    14    3    2.727    1.993    -0.764    2.0    0.154    0.571    0.644    0.493    0.696    0.461
CO-MgO_14_SiO2_7_Andreas_1-site18    0.479    14    3    2.727    1.954    -0.674    2.0    0.128    0.489    0.774    0.435    0.517    0.693
CO-MgO_14_SiO2_7_Andreas_1-site28    0.48    14    3    2.727    1.944    -0.751    2.0    0.221    0.529    0.676    0.478    0.676    0.53
CO-MgO_14_SiO2_7_Andreas_1-site29    0.381    14    4    2.727    2.026    -0.856    2.0    0.273    0.232    0.525    0.67    0.405    0.356
CO-MgO_14_SiO2_7_Andreas_1-site39    0.589    14    4    2.727    2.028    -0.714    2.0    0.387    0.262    0.361    0.709    0.48    0.416
CO-MgO_14_SiO2_7_Andreas_1-site41    0.487    14    4    2.727    2.023    -0.778    2.0    0.331    0.276    0.393    0.75    0.327    0.476
CO-MgO_14_SiO2_7_Andreas_1-site45    0.481    14    4    2.727    2.065    -0.745    2.0    0.321    0.301    0.483    0.562    0.6    0.38
CO-MgO_14_SiO2_7_Andreas_1-site46    0.384    14    3    2.727    2.002    -0.896    2.0    0.35    0.493    0.556    0.693    0.598    0.342
CO-MgO_14_SiO2_7_Andreas_1-site47    0.518    14    4    2.727    2.075    -0.682    2.0    0.251    0.399    0.441    0.576    0.524    0.543
CO-MgO_14_SiO2_7_Andreas_1-site5    0.404    14    3    2.727    1.983    -0.638    2.0    0.272    0.584    0.438    0.793    0.351    0.64
CO-MgO_14_SiO2_7_Andreas_2-site17    0.413    14    4    3.528    2.017    -0.744    2.0    0.209    0.355    0.531    0.504    0.612    0.412
CO-MgO_14_SiO2_7_Andreas_2-site21    0.468    14    3    3.528    1.956    -0.77    2.0    0.271    0.554    0.551    0.67    0.553    0.507
CO-MgO_14_SiO2_7_Andreas_2-site23    0.313    14    4    3.528    2.017    -0.861    2.0    0.235    0.232    0.557    0.656    0.391    0.35
CO-MgO_14_SiO2_7_Andreas_2-site26    0.544    14    3    3.528    1.929    -0.779    2.0    0.354    0.349    0.749    0.584    0.437    0.644
CO-MgO_14_SiO2_7_Andreas_2-site27    0.542    14    3    3.528    1.958    -0.666    2.0    0.254    0.529    0.651    0.511    0.668    0.526
CO-MgO_14_SiO2_7_Andreas_2-site28    0.497    14    3    3.528    1.978    -0.662    2.0    0.184    0.565    0.64    0.495    0.698    0.474
CO-MgO_14_SiO2_7_Andreas_2-site38    0.432    14    4    3.528    2.069    -0.731    2.0    0.136    0.489    0.348    0.588    0.598    0.399
CO-MgO_14_SiO2_7_Andreas_2-site39    0.458    14    4    3.528    2.024    -0.799    2.0    0.284    0.315    0.484    0.62    0.47    0.475
CO-MgO_14_SiO2_7_Andreas_2-site40    0.469    14    3    3.528    1.943    -0.754    2.0    0.217    0.43    0.794    0.471    0.428    0.737
CO-MgO_14_SiO2_7_Andreas_2-site41    0.36    14    4    3.528    2.027    -0.847    2.0    0.156    0.351    0.555    0.534    0.527    0.449
CO-MgO_14_SiO2_7_Andreas_2-site42    0.56    14    3    3.528    1.945    -0.68    2.0    0.32    0.509    0.642    0.502    0.671    0.574
CO-MgO_14_SiO2_7_Andreas_2-site44    0.529    14    3    3.528    1.958    -0.657    2.0    0.233    0.533    0.644    0.557    0.625    0.502
CO-MgO_14_SiO2_7_Andreas_2-site8    0.385    14    4    3.528    2.019    -0.726    2.0    0.205    0.347    0.539    0.53    0.551    0.443
CO-MgO_14_SiO2_7_Andreas_3-site17    0.288    14    4    3.057    2.038    -0.774    2.0    0.154    0.353    0.586    0.464    0.536    0.526
CO-MgO_14_SiO2_7_Andreas_3-site2    0.385    14    4    3.057    2.046    -0.642    2.0    0.202    0.362    0.52    0.575    0.438    0.557
CO-MgO_14_SiO2_7_Andreas_3-site24    0.489    14    3    3.057    1.964    -0.707    2.0    0.304    0.563    0.539    0.626    0.608    0.54
CO-MgO_14_SiO2_7_Andreas_3-site27    0.443    14    4    3.057    2.009    -0.776    2.0    0.321    0.333    0.417    0.638    0.506    0.487
CO-MgO_14_SiO2_7_Andreas_3-site28    0.453    14    4    3.057    2.054    -0.691    2.0    0.19    0.492    0.332    0.549    0.642    0.43
CO-MgO_14_SiO2_7_Andreas_3-site32    0.47    14    4    3.057    2.009    -0.831    2.0    0.307    0.317    0.415    0.694    0.415    0.488
CO-MgO_14_SiO2_7_Andreas_3-site36    0.582    14    4    3.057    2.031    -0.659    2.0    0.384    0.28    0.422    0.585    0.626    0.389
CO-MgO_14_SiO2_7_Andreas_3-site37    0.415    14    4    3.057    2.032    -0.721    2.0    0.26    0.345    0.492    0.557    0.59    0.355
CO-MgO_14_SiO2_7_Andreas_3-site43    0.516    14    3    3.057    1.968    -0.672    2.0    0.217    0.611    0.567    0.474    0.761    0.449
CO-MgO_14_SiO2_7_Andreas_3-site44    0.355    14    4    3.057    1.982    -0.735    2.0    0.194    0.275    0.551    0.663    0.329    0.428
CO-MgO_14_SiO2_7_Andreas_3-site45    0.538    14    4    3.057    2.027    -0.693    2.0    0.376    0.272    0.38    0.69    0.493    0.426
CO-MgO_14_SiO2_7_Andreas_3-site47    0.402    14    4    3.057    2.024    -0.707    2.0    0.198    0.361    0.527    0.528    0.569    0.442
CO-MgO_14_SiO2_7_Andreas_3-site9    0.412    14    3    3.057    1.972    -0.679    2.0    0.157    0.571    0.634    0.532    0.659    0.476
CO-MgO_14_SiO2_7_Escatllar-site13    0.442    14    4    3.452    2.048    -0.706    2.0    0.171    0.42    0.474    0.544    0.571    0.396
CO-MgO_14_SiO2_7_Escatllar-site14    0.512    14    3    3.452    1.96    -0.675    2.0    0.295    0.554    0.585    0.551    0.664    0.536
CO-MgO_14_SiO2_7_Escatllar-site20    0.528    14    4    3.452    2.048    -0.659    2.0    0.367    0.301    0.39    0.664    0.48    0.491
CO-MgO_14_SiO2_7_Escatllar-site25    0.334    14    4    3.452    2.021    -0.696    2.0    0.2    0.263    0.615    0.521    0.476    0.476
CO-MgO_14_SiO2_7_Escatllar-site26    0.429    14    4    3.452    2.002    -0.84    2.0    0.336    0.274    0.378    0.76    0.324    0.48
CO-MgO_14_SiO2_7_Escatllar-site3    0.593    14    3    3.452    1.937    -0.675    2.0    0.327    0.382    0.747    0.564    0.47    0.634
CO-MgO_14_SiO2_7_Escatllar-site31    0.389    14    3    3.452    1.983    -0.806    2.0    0.151    0.522    0.698    0.557    0.524    0.551
CO-MgO_14_SiO2_7_Escatllar-site36    0.452    14    3    3.452    2.003    -0.685    2.0    0.227    0.562    0.532    0.754    0.383    0.542
CO-MgO_14_SiO2_7_Escatllar-site37    0.37    14    4    3.452    1.998    -0.738    2.0    0.238    0.239    0.59    0.57    0.462    0.431
CO-MgO_14_SiO2_7_Escatllar-site41    0.539    14    3    3.452    1.962    -0.658    2.0    0.311    0.536    0.61    0.518    0.678    0.553
CO-MgO_14_SiO2_7_Escatllar-site45    0.456    14    3    3.452    2.008    -0.656    2.0    0.275    0.615    0.432    0.72    0.461    0.689
CO-MgO_14_SiO2_7_Escatllar-site6    0.478    14    4    3.452    2.085    -0.836    2.0    0.349    0.304    0.439    0.617    0.519    0.454
CO-MgO_14_SiO2_7_Escatllar-site7    0.383    14    4    3.452    2.024    -0.787    2.0    0.34    0.242    0.413    0.738    0.403    0.375
CO-MgO_16_SiO2_8_Andreas_0-site1    0.586    16    4    3.688    2.073    -0.704    2.0    0.175    0.436    0.378    0.663    0.484    0.395
CO-MgO_16_SiO2_8_Andreas_0-site15    0.405    16    3    3.688    1.966    -0.696    2.0    0.128    0.566    0.664    0.479    0.687    0.472
CO-MgO_16_SiO2_8_Andreas_0-site16    0.508    16    4    3.688    2.033    -0.742    2.0    0.334    0.273    0.429    0.696    0.431    0.428
CO-MgO_16_SiO2_8_Andreas_0-site21    0.497    16    4    3.688    2.056    -0.74    2.0    0.263    0.288    0.58    0.495    0.521    0.516
CO-MgO_16_SiO2_8_Andreas_0-site24    0.34    16    4    3.688    1.988    -0.826    2.0    0.28    0.266    0.472    0.714    0.351    0.42
CO-MgO_16_SiO2_8_Andreas_0-site3    0.553    16    4    3.688    2.048    -0.664    2.0    0.345    0.309    0.396    0.677    0.461    0.487
CO-MgO_16_SiO2_8_Andreas_0-site30    0.363    16    4    3.688    2.084    -0.721    2.0    0.172    0.388    0.525    0.523    0.533    0.492
CO-MgO_16_SiO2_8_Andreas_0-site36    0.537    16    4    3.688    2.041    -0.696    2.0    0.392    0.287    0.361    0.662    0.543    0.442
CO-MgO_16_SiO2_8_Andreas_0-site45    0.458    16    3    3.688    1.993    -0.822    2.0    0.35    0.407    0.712    0.551    0.555    0.617
CO-MgO_16_SiO2_8_Andreas_0-site47    0.467    16    3    3.688    1.953    -0.768    2.0    0.192    0.449    0.789    0.454    0.459    0.729
CO-MgO_16_SiO2_8_Andreas_0-site50    0.405    16    4    3.688    2.061    -0.741    2.0    0.256    0.452    0.408    0.453    0.698    0.427
CO-MgO_16_SiO2_8_Andreas_0-site51    0.526    16    3    3.688    1.979    -0.734    2.0    0.136    0.503    0.747    0.468    0.544    0.633
CO-MgO_16_SiO2_8_Andreas_0-site54    0.559    16    3    3.688    1.94    -0.694    2.0    0.274    0.465    0.708    0.533    0.578    0.569
CO-MgO_16_SiO2_8_Andreas_0-site55    0.434    16    4    3.688    2.041    -0.723    2.0    0.296    0.258    0.532    0.6    0.468    0.442
CO-MgO_16_SiO2_8_Andreas_1-site10    0.366    16    3    3.074    2.089    -0.636    2.0    0.266    0.631    0.458    0.635    0.579    0.65
CO-MgO_16_SiO2_8_Andreas_1-site11    0.594    16    4    3.074    2.085    -0.662    2.0    0.283    0.414    0.417    0.538    0.602    0.425
CO-MgO_16_SiO2_8_Andreas_1-site21    0.586    16    3    3.074    1.947    -0.678    2.0    0.373    0.426    0.691    0.512    0.6    0.659
CO-MgO_16_SiO2_8_Andreas_1-site24    0.387    16    3    3.074    1.989    -0.797    2.0    0.151    0.561    0.646    0.548    0.622    0.494
CO-MgO_16_SiO2_8_Andreas_1-site28    0.498    16    4    3.074    2.091    -0.788    2.0    0.366    0.242    0.419    0.69    0.481    0.366
CO-MgO_16_SiO2_8_Andreas_1-site34    0.399    16    5    3.074    2.098    -0.748    2.0    0.24    0.241    0.306    0.607    0.476    0.399
CO-MgO_16_SiO2_8_Andreas_1-site43    0.464    16    3    3.074    1.994    -0.674    2.0    0.205    0.631    0.536    0.491    0.762    0.435
CO-MgO_16_SiO2_8_Andreas_1-site48    0.199    16    5    3.074    2.089    -0.847    2.0    0.188    0.143    0.463    0.518    0.524    0.305
CO-MgO_16_SiO2_8_Andreas_1-site52    0.479    16    4    3.074    2.024    -0.836    2.0    0.321    0.305    0.398    0.714    0.396    0.494
CO-MgO_16_SiO2_8_Andreas_1-site53    0.465    16    3    3.074    1.956    -0.802    2.0    0.196    0.459    0.772    0.476    0.484    0.683
CO-MgO_16_SiO2_8_Andreas_1-site54    0.472    16    4    3.074    2.051    -0.716    2.0    0.299    0.251    0.516    0.636    0.448    0.402
CO-MgO_16_SiO2_8_Andreas_1-site55    0.538    16    3    3.074    2.01    -0.777    2.0    0.402    0.382    0.684    0.58    0.568    0.596
CO-MgO_16_SiO2_8_Andreas_1-site6    0.419    16    3    3.074    1.979    -0.791    2.0    0.228    0.551    0.572    0.699    0.475    0.5
CO-MgO_16_SiO2_8_Andreas_2-site15    0.619    16    4    2.831    2.032    -0.7    2.0    0.407    0.247    0.397    0.632    0.588    0.388
CO-MgO_16_SiO2_8_Andreas_2-site16    0.372    16    3    2.831    2.022    -0.735    2.0    0.505    0.317    0.62    0.629    0.6    0.573
CO-MgO_16_SiO2_8_Andreas_2-site20    0.495    16    4    2.831    2.063    -0.698    2.0    0.215    0.453    0.372    0.59    0.575    0.433
CO-MgO_16_SiO2_8_Andreas_2-site21    0.423    16    3    2.831    2.084    -0.768    2.0    0.432    0.494    0.535    0.604    0.667    0.48
CO-MgO_16_SiO2_8_Andreas_2-site34    0.514    16    4    2.831    2.016    -0.772    2.0    0.335    0.294    0.392    0.719    0.394    0.488
CO-MgO_16_SiO2_8_Andreas_2-site35    0.296    16    4    2.831    2.01    -0.824    2.0    0.161    0.27    0.599    0.595    0.387    0.444
CO-MgO_16_SiO2_8_Andreas_2-site36    0.468    16    4    2.831    2.044    -0.77    2.0    0.365    0.268    0.444    0.609    0.584    0.373
CO-MgO_16_SiO2_8_Andreas_2-site37    0.539    16    4    2.831    2.069    -0.663    2.0    0.262    0.413    0.393    0.588    0.603    0.343
CO-MgO_16_SiO2_8_Andreas_2-site40    0.471    16    3    2.831    1.994    -0.782    2.0    0.17    0.587    0.615    0.493    0.725    0.438
CO-MgO_16_SiO2_8_Andreas_2-site41    0.464    16    4    2.831    2.059    -0.749    2.0    0.231    0.432    0.415    0.559    0.581    0.477
CO-MgO_16_SiO2_8_Andreas_2-site43    0.253    16    4    2.831    2.009    -0.802    2.0    0.197    0.229    0.594    0.621    0.405    0.356
CO-MgO_16_SiO2_8_Andreas_2-site44    0.456    16    4    2.831    2.042    -0.664    2.0    0.15    0.466    0.334    0.667    0.472    0.503
CO-MgO_16_SiO2_8_Andreas_2-site48    0.457    16    4    2.831    2.065    -0.767    2.0    0.352    0.284    0.473    0.553    0.624    0.376
CO-MgO_16_SiO2_8_Andreas_2-site5    0.454    16    3    2.831    2.042    -0.634    2.0    0.319    0.591    0.355    0.823    0.322    0.692
CO-MgO_16_SiO2_8_Andreas_2-site50    0.489    16    4    2.831    2.042    -0.676    2.0    0.231    0.417    0.416    0.584    0.567    0.453
CO-MgO_16_SiO2_8_Andreas_3-site1    0.426    16    4    3.341    2.102    -0.72    2.0    0.257    0.451    0.405    0.471    0.675    0.462
CO-MgO_16_SiO2_8_Andreas_3-site15    0.404    16    4    3.341    2.035    -0.743    2.0    0.212    0.347    0.538    0.497    0.623    0.389
CO-MgO_16_SiO2_8_Andreas_3-site16    0.516    16    4    3.341    2.042    -0.748    2.0    0.366    0.151    0.554    0.542    0.546    0.489
CO-MgO_16_SiO2_8_Andreas_3-site21    0.545    16    4    3.341    2.036    -0.808    2.0    0.231    0.343    0.536    0.493    0.618    0.414
CO-MgO_16_SiO2_8_Andreas_3-site3    0.532    16    3    3.341    1.952    -0.659    2.0    0.29    0.559    0.586    0.541    0.673    0.538
CO-MgO_16_SiO2_8_Andreas_3-site30    0.533    16    3    3.341    1.97    -0.703    2.0    0.206    0.54    0.659    0.517    0.653    0.506
CO-MgO_16_SiO2_8_Andreas_3-site36    0.471    16    3    3.341    2.015    -0.664    2.0    0.266    0.579    0.478    0.749    0.437    0.596
CO-MgO_16_SiO2_8_Andreas_3-site45    0.483    16    3    3.341    1.986    -0.818    2.0    0.411    0.322    0.715    0.611    0.48    0.62
CO-MgO_16_SiO2_8_Andreas_3-site47    0.491    16    3    3.341    1.92    -0.779    2.0    0.28    0.446    0.729    0.515    0.56    0.616
CO-MgO_16_SiO2_8_Andreas_3-site50    0.508    16    4    3.341    2.057    -0.74    2.0    0.244    0.413    0.392    0.622    0.512    0.534
CO-MgO_16_SiO2_8_Andreas_3-site51    0.475    16    4    3.341    2.041    -0.74    2.0    0.329    0.292    0.434    0.671    0.453    0.447
CO-MgO_16_SiO2_8_Andreas_3-site54    0.53    16    3    3.341    1.973    -0.659    2.0    0.224    0.53    0.668    0.499    0.663    0.522
CO-MgO_16_SiO2_8_Andreas_3-site55    0.42    16    4    3.341    2.006    -0.735    2.0    0.285    0.189    0.608    0.517    0.509    0.501
CO-MgO_16_SiO2_8_Escatllar-site1    0.575    16    4    3.389    2.038    -0.645    2.0    0.398    0.26    0.408    0.616    0.596    0.397
CO-MgO_16_SiO2_8_Escatllar-site12    0.392    16    3    3.389    1.959    -0.82    2.0    0.063    0.5    0.782    0.397    0.529    0.716
CO-MgO_16_SiO2_8_Escatllar-site18    0.555    16    4    3.389    2.04    -0.785    2.0    0.257    0.331    0.473    0.66    0.368    0.54
CO-MgO_16_SiO2_8_Escatllar-site19    0.519    16    3    3.389    1.942    -0.764    2.0    0.2    0.495    0.717    0.528    0.549    0.568
CO-MgO_16_SiO2_8_Escatllar-site2    0.418    16    5    3.389    2.103    -0.73    2.0    0.257    0.243    0.316    0.553    0.569    0.332
CO-MgO_16_SiO2_8_Escatllar-site29    0.434    16    4    3.389    2.012    -0.876    2.0    0.254    0.163    0.614    0.567    0.474    0.419
CO-MgO_16_SiO2_8_Escatllar-site30    0.509    16    3    3.389    1.948    -0.839    2.0    0.258    0.416    0.776    0.51    0.446    0.69
CO-MgO_16_SiO2_8_Escatllar-site36    0.444    16    4    3.389    2.021    -0.802    2.0    0.322    0.288    0.418    0.719    0.348    0.486
CO-MgO_16_SiO2_8_Escatllar-site41    0.423    16    4    3.389    2.019    -0.79    2.0    0.321    0.276    0.448    0.684    0.428    0.426
CO-MgO_16_SiO2_8_Escatllar-site46    0.491    16    4    3.389    2.065    -0.695    2.0    0.242    0.363    0.455    0.656    0.373    0.545
CO-MgO_16_SiO2_8_Escatllar-site47    0.478    16    3    3.389    1.929    -0.802    2.0    0.263    0.432    0.752    0.531    0.487    0.63
CO-MgO_16_SiO2_8_Escatllar-site5    0.519    16    3    3.389    1.944    -0.724    2.0    0.291    0.542    0.608    0.534    0.671    0.533
CO-MgO_16_SiO2_8_Escatllar-site6    0.43    16    4    3.389    2.011    -0.746    2.0    0.306    0.28    0.486    0.625    0.504    0.407
CO-MgO_16_SiO2_8_Escatllar-site7    0.458    16    4    3.389    2.017    -0.779    2.0    0.305    0.306    0.414    0.724    0.319    0.527
CO-MgO_18_SiO2_9_Escatllar-site10    0.466    18    3    3.534    1.957    -0.71    2.0    0.215    0.623    0.535    0.523    0.726    0.483
CO-MgO_18_SiO2_9_Escatllar-site11    0.36    18    4    3.534    1.994    -0.757    2.0    0.262    0.281    0.551    0.542    0.576    0.355
CO-MgO_18_SiO2_9_Escatllar-site17    0.438    18    4    3.534    2.032    -0.752    2.0    0.235    0.345    0.455    0.683    0.338    0.561
CO-MgO_18_SiO2_9_Escatllar-site18    0.45    18    4    3.534    2.025    -0.738    2.0    0.337    0.306    0.377    0.727    0.345    0.54
CO-MgO_18_SiO2_9_Escatllar-site2    0.557    18    4    3.534    2.034    -0.648    2.0    0.389    0.269    0.404    0.628    0.579    0.401
CO-MgO_18_SiO2_9_Escatllar-site23    0.301    18    4    3.534    2.007    -0.762    2.0    0.206    0.314    0.551    0.59    0.43    0.488
CO-MgO_18_SiO2_9_Escatllar-site28    0.478    18    3    3.534    1.935    -0.827    2.0    0.239    0.428    0.778    0.497    0.452    0.695
CO-MgO_18_SiO2_9_Escatllar-site29    0.429    18    4    3.534    2.017    -0.985    2.0    0.313    0.134    0.6    0.533    0.52    0.502
CO-MgO_18_SiO2_9_Escatllar-site35    0.592    18    4    3.534    2.044    -0.65    2.0    0.396    0.263    0.41    0.612    0.598    0.399
CO-MgO_18_SiO2_9_Escatllar-site36    0.405    18    4    3.534    2.038    -0.782    2.0    0.176    0.315    0.562    0.578    0.474    0.43
CO-MgO_18_SiO2_9_Escatllar-site43    0.502    18    4    3.534    2.043    -0.762    2.0    0.304    0.274    0.465    0.7    0.346    0.443
CO-MgO_18_SiO2_9_Escatllar-site49    0.39    18    4    3.534    1.994    -0.742    2.0    0.259    0.29    0.526    0.602    0.491    0.407
CO-MgO_18_SiO2_9_Escatllar-site5    0.388    18    4    3.534    2.071    -0.696    2.0    0.116    0.475    0.363    0.625    0.541    0.404
CO-MgO_18_SiO2_9_Escatllar-site50    0.492    18    3    3.534    2.035    -0.848    2.0    0.28    0.434    0.736    0.542    0.517    0.601
CO-MgO_18_SiO2_9_Escatllar-site54    0.54    18    3    3.534    1.919    -0.689    2.0    0.296    0.453    0.714    0.511    0.59    0.609
CO-MgO_18_SiO2_9_Escatllar-site62    0.498    18    3    3.534    1.939    -0.673    2.0    0.219    0.472    0.741    0.501    0.542    0.616
CO-MgO_20_SiO2_10_Escatllar-site12    0.308    20    4    3.292    2.025    -0.85    2.0    0.265    0.272    0.492    0.689    0.38    0.416
CO-MgO_20_SiO2_10_Escatllar-site13    0.414    20    4    3.292    2.034    -0.766    2.0    0.234    0.304    0.553    0.536    0.573    0.36
CO-MgO_20_SiO2_10_Escatllar-site19    0.407    20    4    3.292    2.008    -0.751    2.0    0.217    0.314    0.55    0.552    0.532    0.433
CO-MgO_20_SiO2_10_Escatllar-site3    0.589    20    3    3.292    1.949    -0.684    2.0    0.376    0.43    0.685    0.514    0.606    0.652
CO-MgO_20_SiO2_10_Escatllar-site31    0.402    20    4    3.292    2.041    -0.891    2.0    0.284    0.272    0.465    0.71    0.363    0.433
CO-MgO_20_SiO2_10_Escatllar-site32    0.39    20    4    3.292    2.048    -0.76    2.0    0.213    0.357    0.516    0.58    0.433    0.562
CO-MgO_20_SiO2_10_Escatllar-site38    0.459    20    3    3.292    1.947    -0.827    2.0    0.18    0.57    0.606    0.6    0.594    0.502
CO-MgO_20_SiO2_10_Escatllar-site44    0.431    20    4    3.292    2.044    -0.818    2.0    0.206    0.401    0.458    0.588    0.524    0.467
CO-MgO_20_SiO2_10_Escatllar-site49    0.477    20    4    3.292    2.031    -0.787    2.0    0.293    0.325    0.476    0.603    0.494    0.488
CO-MgO_20_SiO2_10_Escatllar-site5    0.471    20    4    3.292    1.994    -0.758    2.0    0.281    0.282    0.479    0.684    0.38    0.449
CO-MgO_20_SiO2_10_Escatllar-site50    0.626    20    4    3.292    2.051    -0.669    2.0    0.407    0.253    0.403    0.62    0.591    0.398
CO-MgO_20_SiO2_10_Escatllar-site55    0.45    20    4    3.292    2.026    -0.759    2.0    0.264    0.266    0.56    0.547    0.562    0.359
CO-MgO_20_SiO2_10_Escatllar-site59    0.504    20    3    3.292    2.016    -0.67    2.0    0.253    0.605    0.465    0.715    0.476    0.648
CO-MgO_20_SiO2_10_Escatllar-site66    0.387    20    4    3.292    2.027    -0.705    2.0    0.264    0.318    0.47    0.679    0.338    0.526
CO-MgO_20_SiO2_10_Escatllar-site7    0.567    20    3    3.292    1.948    -0.684    2.0    0.317    0.509    0.657    0.457    0.69    0.606
CO-MgO_3_SiO2_3_Andreas_0-site11    0.677    3    2    2.923    1.856    -0.608    1.0    0.297    0.871    0.647    0.65    0.824    0.541
CO-MgO_3_SiO2_3_Andreas_0-site13    0.524    3    3    2.923    1.941    -0.548    1.0    0.304    0.37    0.778    0.551    0.386    0.69
CO-MgO_3_SiO2_3_Andreas_0-site2    0.674    3    2    2.923    1.856    -0.608    1.0    0.299    0.869    0.651    0.647    0.826    0.542
CO-MgO_3_SiO2_3_Escatllar-site12    0.629    3    3    3.164    1.995    -0.583    1.0    0.454    0.35    0.673    0.58    0.543    0.656
CO-MgO_3_SiO2_3_Escatllar-site7    0.597    3    3    3.164    1.966    -0.555    1.0    0.451    0.523    0.39    0.698    0.691    0.426
CO-MgO_3_SiO2_3_Escatllar-site9    0.541    3    3    3.164    1.948    -0.565    1.0    0.306    0.369    0.776    0.556    0.385    0.683
CO-MgO_4_SiO2_2_Andreas_0-site11    0.545    4    3    2.628    1.969    -0.626    2.0    0.448    0.534    0.366    0.711    0.675    0.45
CO-MgO_4_SiO2_2_Andreas_0-site12    0.559    4    3    2.628    1.97    -0.698    2.0    0.446    0.406    0.601    0.617    0.658    0.473
CO-MgO_4_SiO2_2_Andreas_0-site5    0.516    4    3    2.628    1.959    -0.699    2.0    0.293    0.449    0.721    0.508    0.582    0.618
CO-MgO_4_SiO2_2_Andreas_0-site6    0.577    4    3    2.628    1.964    -0.705    2.0    0.51    0.288    0.623    0.651    0.591    0.552
CO-MgO_4_SiO2_2_Andreas_1-site11    0.604    4    3    2.202    1.954    -0.698    2.0    0.552    0.135    0.613    0.734    0.533    0.447
CO-MgO_4_SiO2_2_Andreas_1-site6    0.955    4    3    2.202    2.014    -0.695    2.0    0.516    0.322    0.605    0.627    0.622    0.571
CO-MgO_4_SiO2_2_Andreas_1-site8    0.897    4    3    2.202    2.017    -0.695    2.0    0.518    0.318    0.604    0.629    0.62    0.571
CO-MgO_4_SiO2_2_Andreas_1-site9    0.569    4    3    2.202    1.965    -0.642    2.0    0.455    0.559    0.28    0.736    0.643    0.534
CO-MgO_4_SiO2_2_Andreas_2-site12    0.576    4    3    2.784    1.954    -0.648    2.0    0.475    0.347    0.626    0.623    0.618    0.539
CO-MgO_4_SiO2_2_Andreas_2-site2    0.565    4    3    2.784    1.969    -0.702    2.0    0.493    0.338    0.612    0.628    0.632    0.538
CO-MgO_4_SiO2_2_Andreas_2-site5    0.583    4    3    2.784    2.013    -0.615    2.0    0.43    0.398    0.67    0.54    0.582    0.665
CO-MgO_4_SiO2_2_Andreas_2-site6    0.527    4    3    2.784    1.967    -0.709    2.0    0.347    0.424    0.68    0.597    0.573    0.502
CO-MgO_4_SiO2_2_Escatllar-site12    0.548    4    3    2.937    1.964    -0.573    2.0    0.462    0.537    0.348    0.699    0.69    0.468
CO-MgO_4_SiO2_2_Escatllar-site13    0.536    4    3    2.937    1.995    -0.716    2.0    0.456    0.448    0.544    0.62    0.695    0.439
CO-MgO_4_SiO2_2_Escatllar-site5    0.536    4    3    2.937    1.942    -0.733    2.0    0.359    0.416    0.667    0.624    0.575    0.443
CO-MgO_4_SiO2_2_Escatllar-site9    0.535    4    3    2.937    1.996    -0.716    2.0    0.456    0.448    0.544    0.62    0.696    0.438
CO-MgO_4_SiO2_4_Andreas_0-site0    0.672    4    2    3.011    1.883    -0.586    1.0    0.508    0.653    0.849    0.606    0.662    0.815
CO-MgO_4_SiO2_4_Andreas_0-site17    0.597    4    3    3.011    1.978    -0.602    1.0    0.476    0.513    0.402    0.657    0.726    0.441
CO-MgO_4_SiO2_4_Andreas_0-site4    0.535    4    3    3.011    1.952    -0.533    1.0    0.343    0.535    0.551    0.619    0.624    0.509
CO-MgO_4_SiO2_4_Andreas_0-site5    0.475    4    3    3.011    1.966    -0.588    1.0    0.35    0.564    0.421    0.758    0.505    0.552
CO-MgO_4_SiO2_4_Andreas_1-site0    0.585    4    3    3.039    1.984    -0.551    1.0    0.49    0.5    0.421    0.631    0.743    0.454
CO-MgO_4_SiO2_4_Andreas_1-site10    0.671    4    2    3.039    1.838    -0.622    1.0    0.347    0.826    0.723    0.578    0.842    0.589
CO-MgO_4_SiO2_4_Andreas_1-site17    0.395    4    3    3.039    1.98    -0.618    1.0    0.274    0.614    0.415    0.748    0.409    0.711
CO-MgO_4_SiO2_4_Andreas_1-site4    0.396    4    3    3.039    1.983    -0.618    1.0    0.273    0.615    0.418    0.744    0.416    0.71
CO-MgO_4_SiO2_4_Andreas_2-site15    0.587    4    3    3.333    1.937    -0.53    1.0    0.359    0.463    0.66    0.522    0.636    0.598
CO-MgO_4_SiO2_4_Andreas_2-site4    0.589    4    3    3.333    1.938    -0.53    1.0    0.359    0.463    0.66    0.523    0.636    0.598
CO-MgO_4_SiO2_4_Andreas_2-site6    0.588    4    3    3.333    1.936    -0.529    1.0    0.359    0.463    0.661    0.522    0.636    0.599
CO-MgO_4_SiO2_4_Andreas_2-site7    0.544    4    3    3.333    1.925    -0.572    1.0    0.359    0.307    0.77    0.611    0.323    0.655
CO-MgO_4_SiO2_4_Andreas_3-site0    0.609    4    2    3.515    1.873    -0.607    1.0    0.313    0.857    0.673    0.624    0.835    0.549
CO-MgO_4_SiO2_4_Andreas_3-site10    0.612    4    3    3.515    1.986    -0.6    1.0    0.489    0.524    0.372    0.649    0.731    0.473
CO-MgO_4_SiO2_4_Andreas_3-site17    0.42    4    4    3.515    2.03    -0.574    1.0    0.332    0.338    0.392    0.662    0.454    0.54
CO-MgO_4_SiO2_4_Andreas_3-site4    0.565    4    3    3.515    1.973    -0.607    1.0    0.37    0.458    0.671    0.489    0.637    0.651
CO-MgO_4_SiO2_4_Escatllar-site4    0.608    4    2    3.278    1.89    -0.603    1.0    0.319    0.852    0.682    0.615    0.838    0.554
CO-MgO_4_SiO2_4_Escatllar-site5    0.503    4    3    3.278    1.966    -0.534    1.0    0.31    0.574    0.529    0.61    0.618    0.562
CO-MgO_4_SiO2_4_Escatllar-site6    0.438    4    3    3.278    1.946    -0.599    1.0    0.313    0.598    0.374    0.797    0.354    0.7
CO-MgO_4_SiO2_4_Escatllar-site7    0.604    4    2    3.278    1.883    -0.6    1.0    0.271    0.892    0.604    0.693    0.799    0.548
CO-MgO_5_SiO2_5_Andreas_0-site11    0.629    5    3    3.502    2.014    -0.614    1.0    0.461    0.362    0.658    0.58    0.569    0.636
CO-MgO_5_SiO2_5_Andreas_0-site16    0.64    5    4    3.502    2.074    -0.577    1.0    0.344    0.352    0.429    0.537    0.624    0.441
CO-MgO_5_SiO2_5_Andreas_0-site17    0.569    5    3    3.502    1.945    -0.601    1.0    0.353    0.316    0.77    0.604    0.333    0.659
CO-MgO_5_SiO2_5_Andreas_0-site23    0.529    5    4    3.502    2.023    -0.555    1.0    0.31    0.341    0.407    0.67    0.433    0.52
CO-MgO_5_SiO2_5_Andreas_0-site8    0.568    5    4    3.502    2.038    -0.488    1.0    0.304    0.393    0.409    0.554    0.602    0.472
CO-MgO_5_SiO2_5_Andreas_1-site0    0.631    5    4    3.366    2.064    -0.576    1.0    0.337    0.352    0.422    0.557    0.623    0.405
CO-MgO_5_SiO2_5_Andreas_1-site14    0.528    5    4    3.366    2.022    -0.533    1.0    0.309    0.336    0.422    0.66    0.437    0.514
CO-MgO_5_SiO2_5_Andreas_1-site18    0.566    5    4    3.366    2.044    -0.529    1.0    0.287    0.396    0.397    0.598    0.554    0.487
CO-MgO_5_SiO2_5_Andreas_1-site5    0.616    5    2    3.366    1.893    -0.616    1.0    0.283    0.883    0.624    0.673    0.812    0.542
CO-MgO_5_SiO2_5_Andreas_1-site8    0.568    5    3    3.366    1.947    -0.595    1.0    0.351    0.318    0.771    0.602    0.335    0.661
CO-MgO_5_SiO2_5_Andreas_2-site12    0.618    5    4    2.915    2.038    -0.665    1.0    0.379    0.296    0.438    0.535    0.672    0.366
CO-MgO_5_SiO2_5_Andreas_2-site14    0.507    5    3    2.915    1.942    -0.577    1.0    0.265    0.399    0.787    0.515    0.401    0.715
CO-MgO_5_SiO2_5_Andreas_2-site18    0.527    5    3    2.915    1.915    -0.636    1.0    0.279    0.495    0.647    0.61    0.576    0.464
CO-MgO_5_SiO2_5_Andreas_2-site3    0.54    5    3    2.915    1.911    -0.638    1.0    0.294    0.474    0.668    0.591    0.579    0.486
CO-MgO_5_SiO2_5_Andreas_2-site5    0.587    5    3    2.915    1.974    -0.548    1.0    0.473    0.553    0.297    0.702    0.683    0.516
CO-MgO_5_SiO2_5_Andreas_3-site1    0.616    5    4    2.822    2.045    -0.645    1.0    0.389    0.28    0.433    0.555    0.648    0.394
CO-MgO_5_SiO2_5_Andreas_3-site17    0.618    5    2    2.822    1.881    -0.628    1.0    0.268    0.894    0.598    0.699    0.795    0.55
CO-MgO_5_SiO2_5_Andreas_3-site22    0.559    5    3    2.822    1.951    -0.597    1.0    0.228    0.577    0.516    0.736    0.428    0.578
CO-MgO_5_SiO2_5_Andreas_3-site23    0.492    5    3    2.822    1.951    -0.576    1.0    0.217    0.437    0.786    0.475    0.451    0.717
CO-MgO_5_SiO2_5_Andreas_3-site24    0.565    5    3    2.822    1.919    -0.633    1.0    0.274    0.47    0.705    0.528    0.589    0.57
CO-MgO_5_SiO2_5_Escatllar-site2    0.638    5    4    3.425    2.068    -0.572    1.0    0.359    0.334    0.438    0.519    0.659    0.389
CO-MgO_5_SiO2_5_Escatllar-site23    0.419    5    4    3.425    2.008    -0.545    1.0    0.283    0.288    0.48    0.677    0.377    0.46
CO-MgO_5_SiO2_5_Escatllar-site4    0.567    5    3    3.425    1.949    -0.597    1.0    0.35    0.318    0.771    0.602    0.331    0.662
CO-MgO_5_SiO2_5_Escatllar-site6    0.622    5    3    3.425    1.987    -0.622    1.0    0.47    0.349    0.646    0.603    0.583    0.597
CO-MgO_5_SiO2_5_Escatllar-site8    0.653    5    4    3.425    2.027    -0.501    1.0    0.39    0.282    0.442    0.529    0.673    0.389
CO-MgO_6_SiO2_3_Andreas_0-site11    0.509    6    3    3.418    1.987    -0.72    2.0    0.262    0.485    0.688    0.552    0.585    0.53
CO-MgO_6_SiO2_3_Andreas_0-site13    0.538    6    3    3.418    1.967    -0.746    2.0    0.293    0.46    0.704    0.527    0.592    0.581
CO-MgO_6_SiO2_3_Andreas_0-site16    0.791    6    3    3.418    2.025    -0.635    2.0    0.46    0.36    0.673    0.561    0.539    0.687
CO-MgO_6_SiO2_3_Andreas_0-site18    0.51    6    3    3.418    1.986    -0.72    2.0    0.263    0.484    0.689    0.552    0.585    0.531
CO-MgO_6_SiO2_3_Andreas_0-site19    0.537    6    3    3.418    1.967    -0.746    2.0    0.292    0.461    0.704    0.527    0.592    0.58
CO-MgO_6_SiO2_3_Andreas_0-site20    0.784    6    3    3.418    2.025    -0.635    2.0    0.459    0.361    0.673    0.56    0.54    0.688
CO-MgO_6_SiO2_3_Andreas_1-site11    0.852    6    3    3.337    2.014    -0.631    2.0    0.5    0.298    0.655    0.622    0.515    0.637
CO-MgO_6_SiO2_3_Andreas_1-site13    0.859    6    3    3.337    2.012    -0.632    2.0    0.506    0.292    0.649    0.63    0.521    0.625
CO-MgO_6_SiO2_3_Andreas_1-site16    0.551    6    3    3.337    1.953    -0.768    2.0    0.329    0.424    0.717    0.524    0.569    0.634
CO-MgO_6_SiO2_3_Andreas_1-site18    0.859    6    3    3.337    2.012    -0.631    2.0    0.498    0.302    0.656    0.62    0.517    0.638
CO-MgO_6_SiO2_3_Andreas_1-site19    0.859    6    3    3.337    2.014    -0.632    2.0    0.509    0.287    0.648    0.633    0.519    0.622
CO-MgO_6_SiO2_3_Andreas_1-site20    0.552    6    3    3.337    1.954    -0.768    2.0    0.333    0.42    0.718    0.527    0.565    0.635
CO-MgO_6_SiO2_3_Andreas_2-site0    0.519    6    4    3.048    1.989    -0.598    2.0    0.417    0.21    0.385    0.672    0.562    0.319
CO-MgO_6_SiO2_3_Andreas_2-site15    0.543    6    3    3.048    1.938    -0.753    2.0    0.357    0.359    0.735    0.592    0.47    0.605
CO-MgO_6_SiO2_3_Andreas_2-site17    0.483    6    4    3.048    2.051    -0.646    2.0    0.401    0.107    0.556    0.517    0.53    0.572
CO-MgO_6_SiO2_3_Andreas_2-site3    0.589    6    3    3.048    2.025    -0.642    2.0    0.472    0.318    0.674    0.604    0.514    0.654
CO-MgO_6_SiO2_3_Andreas_2-site5    0.587    6    3    3.048    2.025    -0.642    2.0    0.471    0.32    0.674    0.602    0.515    0.655
CO-MgO_6_SiO2_3_Andreas_2-site7    0.542    6    3    3.048    1.938    -0.752    2.0    0.355    0.361    0.735    0.59    0.471    0.607
CO-MgO_6_SiO2_3_Andreas_3-site12    0.477    6    4    2.883    2.029    -0.695    2.0    0.299    0.336    0.407    0.693    0.379    0.559
CO-MgO_6_SiO2_3_Andreas_3-site14    0.585    6    3    2.883    1.982    -0.621    2.0    0.465    0.317    0.677    0.609    0.517    0.641
CO-MgO_6_SiO2_3_Andreas_3-site15    0.572    6    4    2.883    2.048    -0.65    2.0    0.388    0.277    0.424    0.581    0.626    0.397
CO-MgO_6_SiO2_3_Andreas_3-site4    0.467    6    3    2.883    1.941    -0.745    2.0    0.236    0.463    0.732    0.542    0.511    0.583
CO-MgO_6_SiO2_3_Andreas_3-site7    0.66    6    3    2.883    1.973    -0.637    2.0    0.344    0.366    0.745    0.575    0.461    0.635
CO-MgO_6_SiO2_3_Andreas_3-site9    0.579    6    3    2.883    1.961    -0.749    2.0    0.496    0.357    0.591    0.622    0.664    0.523
CO-MgO_6_SiO2_3_Escatllar-site1    0.534    6    3    3.45    1.971    -0.733    2.0    0.309    0.433    0.723    0.525    0.563    0.62
CO-MgO_6_SiO2_3_Escatllar-site11    0.522    6    3    3.45    1.998    -0.728    2.0    0.265    0.501    0.671    0.538    0.621    0.53
CO-MgO_6_SiO2_3_Escatllar-site13    0.524    6    3    3.45    1.974    -0.731    2.0    0.271    0.468    0.713    0.514    0.59    0.588
CO-MgO_6_SiO2_3_Escatllar-site15    0.51    6    3    3.45    1.991    -0.745    2.0    0.244    0.512    0.665    0.556    0.606    0.511
CO-MgO_6_SiO2_3_Escatllar-site5    0.569    6    3    3.45    1.961    -0.64    2.0    0.446    0.391    0.637    0.586    0.615    0.572
CO-MgO_6_SiO2_3_Escatllar-site7    0.5    6    3    3.45    1.968    -0.719    2.0    0.262    0.417    0.769    0.523    0.449    0.668
CO-MgO_6_SiO2_6_Andreas_0-site18    0.561    6    3    3.378    1.932    -0.612    1.0    0.299    0.377    0.776    0.549    0.395    0.683
CO-MgO_6_SiO2_6_Andreas_0-site2    0.495    6    4    3.378    2.036    -0.634    1.0    0.296    0.314    0.438    0.698    0.326    0.533
CO-MgO_6_SiO2_6_Andreas_0-site21    0.488    6    4    3.378    2.063    -0.592    1.0    0.335    0.322    0.393    0.699    0.351    0.562
CO-MgO_6_SiO2_6_Andreas_0-site22    0.587    6    3    3.378    1.955    -0.629    1.0    0.367    0.497    0.593    0.586    0.644    0.508
CO-MgO_6_SiO2_6_Andreas_0-site27    0.391    6    3    3.378    1.939    -0.509    1.0    0.115    0.526    0.711    0.531    0.525    0.578
CO-MgO_6_SiO2_6_Andreas_0-site7    0.546    6    4    3.378    2.037    -0.576    1.0    0.26    0.393    0.403    0.636    0.509    0.445
CO-MgO_6_SiO2_6_Andreas_1-site12    0.497    6    4    2.953    2.031    -0.628    1.0    0.282    0.325    0.434    0.708    0.278    0.572
CO-MgO_6_SiO2_6_Andreas_1-site17    0.484    6    4    2.953    2.075    -0.588    1.0    0.327    0.327    0.399    0.695    0.345    0.572
CO-MgO_6_SiO2_6_Andreas_1-site19    0.656    6    3    2.953    1.988    -0.613    1.0    0.486    0.302    0.659    0.626    0.531    0.614
CO-MgO_6_SiO2_6_Andreas_1-site23    0.484    6    3    2.953    2.018    -0.459    1.0    0.354    0.581    0.307    0.839    0.374    0.658
CO-MgO_6_SiO2_6_Andreas_1-site25    0.533    6    4    2.953    2.022    -0.56    1.0    0.297    0.34    0.428    0.656    0.445    0.508
CO-MgO_6_SiO2_6_Andreas_1-site28    0.568    6    3    2.953    1.95    -0.626    1.0    0.313    0.354    0.782    0.563    0.351    0.694
CO-MgO_6_SiO2_6_Andreas_2-site0    0.53    6    3    3.004    1.983    -0.546    1.0    0.234    0.623    0.528    0.525    0.717    0.511
CO-MgO_6_SiO2_6_Andreas_2-site10    0.415    6    4    3.004    2.031    -0.627    1.0    0.271    0.337    0.466    0.602    0.571    0.316
CO-MgO_6_SiO2_6_Andreas_2-site11    0.662    6    3    3.004    1.993    -0.598    1.0    0.499    0.506    0.409    0.622    0.747    0.473
CO-MgO_6_SiO2_6_Andreas_2-site17    0.448    6    3    3.004    2.012    -0.532    1.0    0.346    0.57    0.442    0.723    0.525    0.571
CO-MgO_6_SiO2_6_Andreas_2-site28    0.475    6    3    3.004    1.981    -0.607    1.0    0.201    0.643    0.505    0.533    0.729    0.477
CO-MgO_6_SiO2_6_Andreas_2-site8    0.567    6    3    3.004    1.953    -0.598    1.0    0.346    0.322    0.773    0.597    0.331    0.667
CO-MgO_6_SiO2_6_Andreas_3-site20    0.45    6    4    2.756    2.063    -0.541    1.0    0.366    0.354    0.352    0.644    0.475    0.576
CO-MgO_6_SiO2_6_Andreas_3-site22    0.614    6    3    2.756    1.952    -0.649    1.0    0.358    0.371    0.732    0.57    0.495    0.636
CO-MgO_6_SiO2_6_Andreas_3-site26    0.63    6    2    2.756    1.886    -0.607    1.0    0.303    0.866    0.657    0.64    0.829    0.543
CO-MgO_6_SiO2_6_Andreas_3-site4    0.566    6    4    2.756    2.041    -0.648    1.0    0.241    0.451    0.346    0.594    0.596    0.403
CO-MgO_6_SiO2_6_Andreas_3-site9    0.537    6    3    2.756    1.943    -0.587    1.0    0.352    0.533    0.52    0.667    0.602    0.476
CO-MgO_6_SiO2_6_Escatllar-site13    0.474    6    4    4.005    2.033    -0.527    1.0    0.237    0.385    0.452    0.617    0.422    0.597
CO-MgO_6_SiO2_6_Escatllar-site16    0.573    6    3    4.005    1.93    -0.57    1.0    0.374    0.292    0.763    0.626    0.323    0.637
CO-MgO_6_SiO2_6_Escatllar-site18    0.578    6    3    4.005    1.946    -0.577    1.0    0.284    0.563    0.602    0.483    0.713    0.543
CO-MgO_6_SiO2_6_Escatllar-site21    0.474    6    4    4.005    2.033    -0.527    1.0    0.237    0.385    0.452    0.617    0.422    0.597
CO-MgO_6_SiO2_6_Escatllar-site23    0.577    6    3    4.005    1.946    -0.577    1.0    0.284    0.563    0.602    0.483    0.713    0.543
CO-MgO_6_SiO2_6_Escatllar-site27    0.573    6    3    4.005    1.93    -0.57    1.0    0.374    0.292    0.763    0.626    0.323    0.637
CO-MgO_7_SiO2_7_Andreas_0-site17    0.587    7    3    3.988    1.956    -0.665    1.0    0.315    0.529    0.633    0.467    0.699    0.585
CO-MgO_7_SiO2_7_Andreas_0-site2    0.583    7    3    3.988    2.003    -0.612    1.0    0.386    0.278    0.757    0.639    0.325    0.621
CO-MgO_7_SiO2_7_Andreas_0-site20    0.509    7    3    3.988    1.959    -0.641    1.0    0.192    0.461    0.775    0.464    0.493    0.692
CO-MgO_7_SiO2_7_Andreas_0-site24    0.556    7    3    3.988    1.972    -0.652    1.0    0.221    0.441    0.779    0.479    0.469    0.7
CO-MgO_7_SiO2_7_Andreas_0-site27    0.538    7    3    3.988    1.965    -0.636    1.0    0.233    0.518    0.683    0.482    0.663    0.545
CO-MgO_7_SiO2_7_Andreas_0-site6    0.525    7    3    3.988    1.97    -0.57    1.0    0.343    0.582    0.413    0.742    0.485    0.617
CO-MgO_7_SiO2_7_Andreas_1-site1    0.622    7    3    3.633    1.945    -0.532    1.0    0.288    0.392    0.772    0.54    0.424    0.676
CO-MgO_7_SiO2_7_Andreas_1-site2    0.537    7    4    3.633    2.119    -0.647    1.0    0.346    0.282    0.464    0.619    0.502    0.432
CO-MgO_7_SiO2_7_Andreas_1-site24    0.434    7    4    3.633    2.05    -0.623    1.0    0.158    0.444    0.447    0.524    0.624    0.406
CO-MgO_7_SiO2_7_Andreas_1-site29    0.499    7    4    3.633    2.034    -0.723    1.0    0.368    0.264    0.459    0.563    0.645    0.353
CO-MgO_7_SiO2_7_Andreas_1-site31    0.56    7    4    3.633    2.065    -0.661    1.0    0.382    0.313    0.394    0.589    0.616    0.424
CO-MgO_7_SiO2_7_Andreas_1-site32    0.595    7    3    3.633    1.952    -0.581    1.0    0.36    0.312    0.765    0.61    0.346    0.647
CO-MgO_7_SiO2_7_Andreas_1-site33    0.544    7    4    3.633    2.051    -0.642    1.0    0.401    0.298    0.387    0.579    0.642    0.415
CO-MgO_7_SiO2_7_Andreas_2-site10    0.506    7    3    3.711    1.931    -0.69    1.0    0.138    0.481    0.781    0.429    0.505    0.71
CO-MgO_7_SiO2_7_Andreas_2-site12    0.546    7    3    3.711    2.015    -0.656    1.0    0.271    0.422    0.756    0.533    0.477    0.64
CO-MgO_7_SiO2_7_Andreas_2-site13    0.574    7    3    3.711    1.965    -0.584    1.0    0.344    0.329    0.77    0.594    0.352    0.662
CO-MgO_7_SiO2_7_Andreas_2-site14    0.622    7    4    3.711    2.035    -0.612    1.0    0.311    0.374    0.401    0.576    0.644    0.281
CO-MgO_7_SiO2_7_Andreas_2-site20    0.578    7    4    3.711    2.03    -0.519    1.0    0.33    0.348    0.408    0.631    0.471    0.559
CO-MgO_7_SiO2_7_Andreas_2-site28    0.584    7    3    3.711    1.948    -0.649    1.0    0.339    0.387    0.737    0.555    0.502    0.641
CO-MgO_7_SiO2_7_Andreas_2-site6    0.538    7    3    3.711    1.961    -0.658    1.0    0.247    0.511    0.667    0.544    0.617    0.518
CO-MgO_7_SiO2_7_Andreas_3-site1    0.545    7    3    1.842    1.925    -0.598    1.0    0.316    0.35    0.782    0.566    0.344    0.694
CO-MgO_7_SiO2_7_Andreas_3-site11    0.57    7    4    1.842    2.013    -0.659    1.0    0.28    0.392    0.392    0.6    0.621    0.251
CO-MgO_7_SiO2_7_Andreas_3-site19    0.567    7    4    1.842    2.021    -0.659    1.0    0.285    0.391    0.4    0.587    0.624    0.275
CO-MgO_7_SiO2_7_Andreas_3-site26    0.567    7    4    1.842    2.021    -0.659    1.0    0.285    0.391    0.4    0.586    0.624    0.276
CO-MgO_7_SiO2_7_Andreas_3-site29    0.57    7    4    1.842    2.013    -0.659    1.0    0.28    0.393    0.391    0.6    0.621    0.25
CO-MgO_7_SiO2_7_Andreas_3-site3    0.567    7    4    1.842    2.022    -0.659    1.0    0.285    0.392    0.4    0.586    0.624    0.277
CO-MgO_7_SiO2_7_Andreas_3-site30    0.57    7    4    1.842    2.013    -0.659    1.0    0.28    0.392    0.392    0.6    0.621    0.25
CO-MgO_7_SiO2_7_Escatllar-site0    0.523    7    3    3.558    1.965    -0.499    1.0    0.369    0.344    0.738    0.591    0.456    0.633
CO-MgO_7_SiO2_7_Escatllar-site10    0.546    7    4    3.558    2.014    -0.591    1.0    0.33    0.322    0.401    0.681    0.408    0.544
CO-MgO_7_SiO2_7_Escatllar-site11    0.584    7    3    3.558    1.949    -0.589    1.0    0.354    0.312    0.771    0.606    0.325    0.659
CO-MgO_7_SiO2_7_Escatllar-site12    0.533    7    3    3.558    1.979    -0.659    1.0    0.201    0.441    0.793    0.458    0.443    0.738
CO-MgO_7_SiO2_7_Escatllar-site13    0.427    7    4    3.558    2.013    -0.51    1.0    0.272    0.327    0.476    0.617    0.501    0.444
CO-MgO_7_SiO2_7_Escatllar-site28    0.595    7    3    3.558    1.968    -0.632    1.0    0.359    0.478    0.651    0.505    0.651    0.608
CO-MgO_7_SiO2_7_Escatllar-site29    0.501    7    3    3.558    1.951    -0.624    1.0    0.202    0.482    0.734    0.521    0.523    0.595
CO-MgO_8_SiO2_4_Andreas_0-site12    0.605    8    4    3.5    2.058    -0.668    2.0    0.401    0.262    0.428    0.568    0.641    0.404
CO-MgO_8_SiO2_4_Andreas_0-site16    0.606    8    4    3.5    2.057    -0.668    2.0    0.402    0.26    0.428    0.568    0.64    0.405
CO-MgO_8_SiO2_4_Andreas_0-site18    0.605    8    4    3.5    2.057    -0.667    2.0    0.401    0.261    0.428    0.568    0.64    0.404
CO-MgO_8_SiO2_4_Andreas_0-site2    0.214    8    4    3.5    2.03    -0.727    2.0    0.059    0.355    0.573    0.534    0.527    0.401
CO-MgO_8_SiO2_4_Andreas_0-site22    0.605    8    4    3.5    2.057    -0.668    2.0    0.401    0.261    0.428    0.567    0.641    0.405
CO-MgO_8_SiO2_4_Andreas_0-site6    0.324    8    4    3.5    2.062    -0.721    2.0    0.319    0.375    0.395    0.61    0.5    0.588
CO-MgO_8_SiO2_4_Andreas_0-site8    0.215    8    4    3.5    2.031    -0.727    2.0    0.059    0.356    0.572    0.535    0.527    0.401
CO-MgO_8_SiO2_4_Andreas_0-site9    0.322    8    4    3.5    2.062    -0.721    2.0    0.319    0.375    0.395    0.609    0.501    0.587
CO-MgO_8_SiO2_4_Andreas_1-site0    0.482    8    3    3.353    1.935    -0.836    2.0    0.306    0.43    0.723    0.541    0.548    0.601
CO-MgO_8_SiO2_4_Andreas_1-site11    0.483    8    3    3.353    1.935    -0.836    2.0    0.306    0.43    0.723    0.541    0.548    0.6
CO-MgO_8_SiO2_4_Andreas_1-site15    0.546    8    3    3.353    1.935    -0.729    2.0    0.339    0.411    0.721    0.534    0.554    0.638
CO-MgO_8_SiO2_4_Andreas_1-site23    0.482    8    3    3.353    1.935    -0.836    2.0    0.306    0.429    0.723    0.541    0.547    0.601
CO-MgO_8_SiO2_4_Andreas_1-site25    0.482    8    3    3.353    1.935    -0.836    2.0    0.306    0.43    0.723    0.541    0.548    0.601
CO-MgO_8_SiO2_4_Andreas_1-site3    0.412    8    4    3.353    2.13    -0.634    2.0    0.048    0.518    0.074    0.789    0.136    0.639
CO-MgO_8_SiO2_4_Andreas_1-site7    0.546    8    3    3.353    1.935    -0.729    2.0    0.338    0.412    0.721    0.533    0.555    0.638
CO-MgO_8_SiO2_4_Andreas_1-site8    0.138    8    4    3.353    2.019    -0.757    2.0    0.229    0.203    0.584    0.642    0.379    0.344
CO-MgO_8_SiO2_4_Andreas_2-site0    0.446    8    3    2.994    1.958    -0.724    2.0    0.215    0.462    0.752    0.511    0.5    0.63
CO-MgO_8_SiO2_4_Andreas_2-site15    0.577    8    3    2.994    1.952    -0.641    2.0    0.275    0.413    0.766    0.519    0.466    0.674
CO-MgO_8_SiO2_4_Andreas_2-site21    0.543    8    4    2.994    2.068    -0.655    2.0    0.351    0.328    0.416    0.606    0.54    0.493
CO-MgO_8_SiO2_4_Andreas_2-site22    0.572    8    3    2.994    1.939    -0.705    2.0    0.269    0.501    0.663    0.559    0.61    0.513
CO-MgO_8_SiO2_4_Andreas_2-site3    0.623    8    3    2.994    1.953    -0.751    2.0    0.513    0.236    0.646    0.677    0.518    0.556
CO-MgO_8_SiO2_4_Andreas_2-site4    0.501    8    4    2.994    2.069    -0.765    2.0    0.288    0.314    0.518    0.54    0.554    0.465
CO-MgO_8_SiO2_4_Andreas_2-site7    0.426    8    3    2.994    1.992    -0.669    2.0    0.243    0.616    0.503    0.611    0.623    0.583
CO-MgO_8_SiO2_4_Andreas_3-site0    0.532    8    3    3.147    1.976    -0.775    2.0    0.239    0.508    0.693    0.479    0.653    0.561
CO-MgO_8_SiO2_4_Andreas_3-site1    0.486    8    3    3.147    1.959    -0.704    2.0    0.25    0.412    0.787    0.501    0.417    0.717
CO-MgO_8_SiO2_4_Andreas_3-site12    0.53    8    3    3.147    1.979    -0.774    2.0    0.23    0.516    0.688    0.477    0.661    0.55
CO-MgO_8_SiO2_4_Andreas_3-site16    0.48    8    3    3.147    1.974    -0.652    2.0    0.168    0.567    0.648    0.481    0.705    0.466
CO-MgO_8_SiO2_4_Andreas_3-site17    0.549    8    3    3.147    1.934    -0.769    2.0    0.293    0.479    0.694    0.491    0.638    0.597
CO-MgO_8_SiO2_4_Andreas_3-site2    0.486    8    3    3.147    1.957    -0.703    2.0    0.25    0.411    0.787    0.501    0.415    0.718
CO-MgO_8_SiO2_4_Andreas_3-site24    0.548    8    3    3.147    1.935    -0.769    2.0    0.302    0.469    0.697    0.495    0.628    0.606
CO-MgO_8_SiO2_4_Andreas_3-site25    0.479    8    3    3.147    1.975    -0.652    2.0    0.166    0.569    0.645    0.482    0.708    0.461
CO-MgO_8_SiO2_4_Escatllar-site0    0.483    8    4    2.264    2.037    -0.673    2.0    0.368    0.293    0.387    0.667    0.503    0.462
CO-MgO_8_SiO2_4_Escatllar-site11    0.539    8    3    2.264    1.954    -0.755    2.0    0.321    0.406    0.735    0.544    0.518    0.631
CO-MgO_8_SiO2_4_Escatllar-site13    0.656    8    2    2.264    1.857    -0.641    2.0    0.346    0.827    0.721    0.579    0.842    0.587
CO-MgO_8_SiO2_4_Escatllar-site19    0.441    8    4    2.264    2.008    -0.739    2.0    0.313    0.311    0.403    0.716    0.356    0.523
CO-MgO_8_SiO2_4_Escatllar-site24    0.366    8    5    2.264    2.113    -0.719    2.0    0.196    0.256    0.319    0.6    0.508    0.344
CO-MgO_8_SiO2_4_Escatllar-site27    0.489    8    4    2.264    2.019    -0.691    2.0    0.346    0.302    0.384    0.704    0.415    0.508
CO-MgO_8_SiO2_4_Escatllar-site7    0.511    8    4    2.264    2.042    -0.688    2.0    0.386    0.307    0.393    0.577    0.653    0.385
CO-MgO_8_SiO2_4_Escatllar-site9    0.423    8    4    2.264    2.073    -0.768    2.0    0.195    0.425    0.449    0.535    0.616    0.407
CO-MgO_8_SiO2_8_Andreas_0-site10    0.555    8    4    3.493    2.056    -0.615    1.0    0.325    0.337    0.496    0.475    0.619    0.498
CO-MgO_8_SiO2_8_Andreas_0-site17    0.509    8    4    3.493    2.027    -0.658    1.0    0.281    0.354    0.458    0.598    0.503    0.519
CO-MgO_8_SiO2_8_Andreas_0-site2    0.495    8    3    3.493    1.972    -0.569    1.0    0.236    0.506    0.657    0.622    0.527    0.47
CO-MgO_8_SiO2_8_Andreas_0-site22    0.532    8    3    3.493    1.959    -0.606    1.0    0.28    0.395    0.777    0.529    0.417    0.691
CO-MgO_8_SiO2_8_Andreas_0-site29    0.441    8    4    3.493    2.03    -0.592    1.0    0.302    0.335    0.423    0.677    0.368    0.563
CO-MgO_8_SiO2_8_Andreas_0-site38    0.536    8    3    3.493    1.94    -0.609    1.0    0.294    0.403    0.755    0.55    0.461    0.635
CO-MgO_8_SiO2_8_Andreas_0-site5    0.523    8    4    3.493    2.045    -0.611    1.0    0.312    0.351    0.507    0.446    0.629    0.507
CO-MgO_8_SiO2_8_Andreas_0-site8    0.608    8    4    3.493    2.042    -0.599    1.0    0.343    0.326    0.411    0.622    0.541    0.459
CO-MgO_8_SiO2_8_Andreas_1-site10    0.597    8    3    3.488    1.904    -0.709    1.0    0.329    0.382    0.745    0.568    0.472    0.626
CO-MgO_8_SiO2_8_Andreas_1-site17    0.506    8    4    3.488    2.039    -0.672    1.0    0.232    0.45    0.38    0.56    0.611    0.426
CO-MgO_8_SiO2_8_Andreas_1-site2    0.538    8    4    3.488    2.017    -0.621    1.0    0.208    0.451    0.334    0.656    0.523    0.369
CO-MgO_8_SiO2_8_Andreas_1-site22    0.529    8    3    3.488    1.957    -0.61    1.0    0.282    0.39    0.78    0.53    0.406    0.698
CO-MgO_8_SiO2_8_Andreas_1-site29    0.461    8    4    3.488    2.013    -0.606    1.0    0.283    0.35    0.437    0.654    0.394    0.569
CO-MgO_8_SiO2_8_Andreas_1-site38    0.542    8    3    3.488    1.926    -0.6    1.0    0.315    0.351    0.782    0.566    0.345    0.694
CO-MgO_8_SiO2_8_Andreas_1-site5    0.672    8    4    3.488    2.079    -0.587    1.0    0.379    0.317    0.404    0.611    0.518    0.511
CO-MgO_8_SiO2_8_Andreas_1-site8    0.567    8    4    3.488    2.033    -0.646    1.0    0.304    0.368    0.411    0.585    0.627    0.299
CO-MgO_8_SiO2_8_Andreas_2-site0    0.47    8    3    3.256    1.998    -0.632    1.0    0.187    0.587    0.593    0.549    0.675    0.478
CO-MgO_8_SiO2_8_Andreas_2-site19    0.457    8    3    3.256    1.98    -0.669    1.0    0.156    0.579    0.622    0.527    0.678    0.463
CO-MgO_8_SiO2_8_Andreas_2-site21    0.358    8    3    3.256    2.02    -0.655    1.0    0.286    0.562    0.517    0.698    0.53    0.531
CO-MgO_8_SiO2_8_Andreas_2-site26    0.548    8    3    3.256    2.061    -0.628    1.0    0.3    0.591    0.388    0.81    0.332    0.68
CO-MgO_8_SiO2_8_Andreas_2-site27    0.577    8    3    3.256    1.955    -0.599    1.0    0.352    0.322    0.767    0.6    0.352    0.656
CO-MgO_8_SiO2_8_Andreas_2-site30    0.664    8    3    3.256    2.02    -0.616    1.0    0.494    0.407    0.552    0.606    0.705    0.499
CO-MgO_8_SiO2_8_Andreas_2-site35    0.543    8    4    3.256    2.021    -0.555    1.0    0.305    0.338    0.417    0.671    0.412    0.529
CO-MgO_8_SiO2_8_Andreas_3-site15    0.58    8    3    3.392    1.955    -0.601    1.0    0.353    0.325    0.765    0.6    0.364    0.652
CO-MgO_8_SiO2_8_Andreas_3-site2    0.597    8    4    3.392    2.078    -0.644    1.0    0.282    0.391    0.405    0.589    0.604    0.337
CO-MgO_8_SiO2_8_Andreas_3-site21    0.648    8    3    3.392    1.943    -0.691    1.0    0.366    0.348    0.74    0.587    0.456    0.638
CO-MgO_8_SiO2_8_Andreas_3-site26    0.381    8    4    3.392    2.047    -0.603    1.0    0.234    0.355    0.489    0.612    0.429    0.53
CO-MgO_8_SiO2_8_Andreas_3-site33    0.532    8    3    3.392    1.943    -0.664    1.0    0.2    0.558    0.623    0.567    0.628    0.494
CO-MgO_8_SiO2_8_Andreas_3-site39    0.537    8    4    3.392    2.025    -0.563    1.0    0.304    0.337    0.418    0.677    0.385    0.551
CO-MgO_8_SiO2_8_Andreas_3-site9    0.36    8    4    3.392    2.064    -0.61    1.0    0.273    0.316    0.527    0.543    0.53    0.487
CO-MgO_8_SiO2_8_Escatllar-site1    0.445    8    4    3.752    2.084    -0.732    1.0    0.149    0.397    0.499    0.539    0.598    0.393
CO-MgO_8_SiO2_8_Escatllar-site12    0.523    8    4    3.752    2.04    -0.69    1.0    0.38    0.309    0.413    0.543    0.688    0.342
CO-MgO_8_SiO2_8_Escatllar-site13    0.548    8    3    3.752    1.923    -0.702    1.0    0.248    0.509    0.669    0.547    0.613    0.518
CO-MgO_8_SiO2_8_Escatllar-site14    0.605    8    3    3.752    1.949    -0.64    1.0    0.327    0.342    0.778    0.577    0.347    0.682
CO-MgO_8_SiO2_8_Escatllar-site15    0.414    8    5    3.752    2.074    -0.579    1.0    0.184    0.277    0.369    0.49    0.627    0.265
CO-MgO_8_SiO2_8_Escatllar-site32    0.538    8    3    3.752    1.939    -0.605    1.0    0.288    0.401    0.762    0.546    0.446    0.649
CO-MgO_8_SiO2_8_Escatllar-site34    0.434    8    3    3.752    1.99    -0.515    1.0    0.227    0.632    0.507    0.549    0.698    0.53
CO-MgO_8_SiO2_8_Escatllar-site39    0.541    8    4    3.752    2.038    -0.587    1.0    0.355    0.311    0.364    0.716    0.365    0.546
CO-MgO_9_SiO2_9_Andreas_0-site15    0.537    9    3    3.986    2.071    -0.623    1.0    0.318    0.589    0.404    0.771    0.423    0.651
CO-MgO_9_SiO2_9_Andreas_0-site16    0.486    9    3    3.986    1.966    -0.644    1.0    0.167    0.523    0.683    0.584    0.513    0.53
CO-MgO_9_SiO2_9_Andreas_0-site25    0.484    9    4    3.986    2.084    -0.643    1.0    0.192    0.441    0.391    0.631    0.468    0.536
CO-MgO_9_SiO2_9_Andreas_0-site39    0.505    9    4    3.986    2.061    -0.634    1.0    0.235    0.414    0.397    0.639    0.46    0.539
CO-MgO_9_SiO2_9_Andreas_0-site4    0.579    9    3    3.986    1.952    -0.652    1.0    0.29    0.474    0.691    0.524    0.613    0.568
CO-MgO_9_SiO2_9_Andreas_0-site40    0.512    9    3    3.986    1.964    -0.642    1.0    0.16    0.479    0.769    0.459    0.507    0.678
CO-MgO_9_SiO2_9_Andreas_0-site41    0.484    9    3    3.986    1.995    -0.618    1.0    0.265    0.577    0.507    0.705    0.507    0.568
CO-MgO_9_SiO2_9_Andreas_0-site9    0.528    9    3    3.986    1.982    -0.622    1.0    0.227    0.569    0.58    0.612    0.603    0.512
CO-MgO_9_SiO2_9_Andreas_1-site14    0.479    9    3    3.041    1.947    -0.654    1.0    0.212    0.563    0.589    0.633    0.565    0.509
CO-MgO_9_SiO2_9_Andreas_1-site15    0.49    9    3    3.041    1.932    -0.651    1.0    0.236    0.561    0.579    0.633    0.578    0.509
CO-MgO_9_SiO2_9_Andreas_1-site19    0.56    9    3    3.041    1.995    -0.638    1.0    0.241    0.452    0.745    0.523    0.509    0.616
CO-MgO_9_SiO2_9_Andreas_1-site28    0.526    9    3    3.041    1.941    -0.664    1.0    0.211    0.566    0.63    0.49    0.71    0.483
CO-MgO_9_SiO2_9_Andreas_1-site3    0.585    9    3    3.041    2.025    -0.579    1.0    0.287    0.473    0.676    0.585    0.572    0.496
CO-MgO_9_SiO2_9_Andreas_1-site36    0.542    9    3    3.041    1.922    -0.628    1.0    0.243    0.421    0.783    0.495    0.437    0.71
CO-MgO_9_SiO2_9_Andreas_1-site41    0.568    9    3    3.041    1.928    -0.61    1.0    0.32    0.359    0.77    0.57    0.388    0.667
CO-MgO_9_SiO2_9_Andreas_1-site44    0.497    9    3    3.041    2.038    -0.628    1.0    0.322    0.384    0.746    0.573    0.463    0.614
CO-MgO_9_SiO2_9_Andreas_2-site11    0.481    9    3    3.973    1.991    -0.656    1.0    0.181    0.564    0.635    0.531    0.661    0.483
CO-MgO_9_SiO2_9_Andreas_2-site15    0.552    9    3    3.973    1.925    -0.611    1.0    0.258    0.411    0.779    0.512    0.43    0.697
CO-MgO_9_SiO2_9_Andreas_2-site20    0.61    9    4    3.973    2.111    -0.639    1.0    0.459    0.205    0.419    0.559    0.627    0.455
CO-MgO_9_SiO2_9_Andreas_2-site25    0.495    9    4    3.973    2.041    -0.699    1.0    0.303    0.192    0.598    0.517    0.506    0.515
CO-MgO_9_SiO2_9_Andreas_2-site28    0.514    9    4    3.973    2.091    -0.648    1.0    0.201    0.397    0.469    0.586    0.503    0.502
CO-MgO_9_SiO2_9_Andreas_2-site29    0.449    9    4    3.973    2.015    -0.594    1.0    0.236    0.338    0.475    0.673    0.307    0.569
CO-MgO_9_SiO2_9_Andreas_2-site39    0.48    9    4    3.973    2.067    -0.691    1.0    0.261    0.319    0.522    0.542    0.588    0.358
CO-MgO_9_SiO2_9_Andreas_2-site8    0.561    9    3    3.973    1.981    -0.638    1.0    0.262    0.425    0.76    0.53    0.468    0.644
CO-MgO_9_SiO2_9_Andreas_3-site1    0.678    9    3    3.476    2.073    -0.668    1.0    0.333    0.348    0.768    0.578    0.386    0.665
CO-MgO_9_SiO2_9_Andreas_3-site19    0.501    9    4    3.476    2.112    -0.652    1.0    0.185    0.458    0.378    0.634    0.419    0.6
CO-MgO_9_SiO2_9_Andreas_3-site22    0.507    9    4    3.476    2.066    -0.649    1.0    0.242    0.4    0.394    0.658    0.455    0.512
CO-MgO_9_SiO2_9_Andreas_3-site25    0.408    9    3    3.476    2.001    -0.633    1.0    0.103    0.54    0.711    0.459    0.632    0.551
CO-MgO_9_SiO2_9_Andreas_3-site3    0.514    9    3    3.476    1.97    -0.615    1.0    0.19    0.563    0.625    0.555    0.641    0.49
CO-MgO_9_SiO2_9_Andreas_3-site34    0.508    9    3    3.476    1.929    -0.644    1.0    0.182    0.457    0.786    0.451    0.473    0.719
CO-MgO_9_SiO2_9_Andreas_3-site42    0.586    9    3    3.476    1.955    -0.635    1.0    0.28    0.484    0.686    0.526    0.618    0.555
CO-MgO_9_SiO2_9_Andreas_3-site9    0.43    9    4    3.476    2.036    -0.698    1.0    0.287    0.302    0.51    0.555    0.602    0.322
CO-MgO_9_SiO2_9_Escatllar-site12    0.545    9    4    3.385    2.06    -0.64    1.0    0.232    0.419    0.408    0.593    0.561    0.457
CO-MgO_9_SiO2_9_Escatllar-site13    0.352    9    3    3.385    1.968    -0.632    1.0    0.113    0.519    0.729    0.496    0.54    0.602
CO-MgO_9_SiO2_9_Escatllar-site15    0.324    9    4    3.385    2.005    -0.666    1.0    0.251    0.294    0.53    0.602    0.478    0.43
CO-MgO_9_SiO2_9_Escatllar-site16    0.487    9    3    3.385    1.955    -0.604    1.0    0.146    0.578    0.636    0.493    0.705    0.447
CO-MgO_9_SiO2_9_Escatllar-site2    0.574    9    3    3.385    1.935    -0.64    1.0    0.298    0.474    0.675    0.561    0.6    0.525
CO-MgO_9_SiO2_9_Escatllar-site35    0.488    9    4    3.385    2.044    -0.651    1.0    0.188    0.442    0.36    0.67    0.446    0.501
CO-MgO_9_SiO2_9_Escatllar-site36    0.507    9    3    3.385    1.933    -0.66    1.0    0.193    0.455    0.781    0.462    0.475    0.707
CO-MgO_9_SiO2_9_Escatllar-site42    0.59    9    4    3.385    2.067    -0.622    1.0    0.289    0.388    0.405    0.579    0.623    0.33