Samples    property    nMgO    metal_coord    HL_gap    pdos_c    pdos_w    av_d    O_Mc    ratio_Mg_Si_cluster    Q_1    Q_2    Q_3    Q_4    Q_5    Q_6
H-MgO_10_SiO2_10_Escatllar-site0    0.789    10    2    3.565    -1.872    1.434    1.745    -0.609    1.0    0.589    0.566    0.833    0.728    0.573    0.756
H-MgO_10_SiO2_10_Escatllar-site18    0.898    10    2    3.565    -1.83    1.433    1.767    -0.589    1.0    0.617    0.541    0.813    0.767    0.577    0.707
H-MgO_10_SiO2_10_Escatllar-site19    -0.354    10    2    3.565    -3.826    2.029    1.652    -0.294    1.0    0.387    0.786    0.772    0.542    0.826    0.661
H-MgO_10_SiO2_10_Escatllar-site20    1.112    10    2    3.565    -1.353    1.406    1.76    -0.583    1.0    0.651    0.517    0.78    0.804    0.611    0.643
H-MgO_10_SiO2_10_Escatllar-site23    0.594    10    3    3.565    -2.953    1.473    1.863    -0.696    1.0    0.324    0.422    0.715    0.551    0.553    0.594
H-MgO_10_SiO2_10_Escatllar-site27    0.688    10    2    3.565    -2.203    1.332    1.764    -0.59    1.0    0.637    0.526    0.796    0.789    0.593    0.67
H-MgO_10_SiO2_10_Escatllar-site28    0.893    10    2    3.565    -1.46    1.443    1.749    -0.579    1.0    0.564    0.591    0.844    0.691    0.587    0.789
H-MgO_10_SiO2_10_Escatllar-site3    0.658    10    2    3.565    -2.116    1.505    1.741    -0.636    1.0    0.449    0.719    0.826    0.545    0.756    0.768
H-MgO_10_SiO2_10_Escatllar-site31    0.542    10    3    3.565    -2.752    1.465    1.917    -0.655    1.0    0.524    0.143    0.643    0.732    0.5    0.445
H-MgO_10_SiO2_10_Escatllar-site32    0.425    10    2    3.565    -3.17    2.011    1.666    -0.362    1.0    0.523    0.635    0.851    0.629    0.637    0.815
H-MgO_10_SiO2_10_Escatllar-site34    0.423    10    3    3.565    -3.215    1.74    1.827    -0.696    1.0    0.165    0.547    0.637    0.632    0.497    0.516
H-MgO_10_SiO2_10_Escatllar-site36    0.938    10    2    3.565    -1.782    1.417    1.786    -0.611    1.0    0.656    0.514    0.775    0.808    0.618    0.635
H-MgO_10_SiO2_10_Escatllar-site38    0.596    10    2    3.565    -2.077    1.433    1.768    -0.64    1.0    0.522    0.637    0.851    0.627    0.639    0.816
H-MgO_10_SiO2_10_Escatllar-site40    0.166    10    2    3.565    -3.417    1.959    1.665    -0.359    1.0    0.58    0.575    0.838    0.715    0.576    0.769
H-MgO_10_SiO2_10_Escatllar-site45    -0.037    10    2    3.565    -3.486    1.979    1.68    -0.354    1.0    0.543    0.613    0.849    0.659    0.609    0.807
H-MgO_10_SiO2_10_Escatllar-site49    0.606    10    2    3.565    -2.345    1.356    1.753    -0.614    1.0    0.627    0.533    0.805    0.779    0.584    0.688
H-MgO_10_SiO2_5_Andreas_0-site11    0.321    10    3    3.305    -2.713    1.466    1.864    -0.679    2.0    0.326    0.407    0.73    0.545    0.528    0.627
H-MgO_10_SiO2_5_Andreas_0-site15    1.36    10    2    3.305    -1.519    1.364    1.781    -0.608    2.0    0.675    0.506    0.752    0.82    0.648    0.607
H-MgO_10_SiO2_5_Andreas_0-site16    1.848    10    3    3.305    -1.099    0.758    1.943    -0.933    2.0    0.483    0.217    0.674    0.695    0.483    0.507
H-MgO_10_SiO2_5_Andreas_0-site2    0.844    10    3    3.305    -2.479    1.571    1.911    -0.76    2.0    0.424    0.309    0.7    0.638    0.497    0.559
H-MgO_10_SiO2_5_Andreas_0-site28    1.108    10    2    3.305    -1.637    1.425    1.778    -0.61    2.0    0.605    0.551    0.822    0.752    0.572    0.728
H-MgO_10_SiO2_5_Andreas_0-site3    1.479    10    2    3.305    -1.491    1.389    1.77    -0.622    2.0    0.66    0.512    0.77    0.811    0.624    0.628
H-MgO_10_SiO2_5_Andreas_0-site8    1.512    10    2    3.305    -1.267    1.351    1.789    -0.631    2.0    0.684    0.503    0.74    0.825    0.664    0.597
H-MgO_10_SiO2_5_Andreas_1-site23    1.339    10    2    3.039    -1.735    1.364    1.792    -0.636    2.0    0.661    0.512    0.77    0.811    0.625    0.627
H-MgO_10_SiO2_5_Andreas_1-site28    1.39    10    2    3.039    -1.625    1.426    1.771    -0.603    2.0    0.642    0.523    0.791    0.795    0.599    0.66
H-MgO_10_SiO2_5_Andreas_1-site33    0.779    10    3    3.039    -2.519    1.541    1.887    -0.632    2.0    0.426    0.356    0.658    0.636    0.587    0.482
H-MgO_10_SiO2_5_Andreas_1-site34    1.325    10    2    3.039    -1.281    1.38    1.789    -0.638    2.0    0.687    0.502    0.737    0.825    0.669    0.595
H-MgO_10_SiO2_5_Andreas_1-site5    1.177    10    2    3.039    -1.903    1.407    1.767    -0.673    2.0    0.586    0.568    0.834    0.725    0.573    0.759
H-MgO_10_SiO2_5_Andreas_1-site7    1.175    10    2    3.039    -1.738    1.445    1.752    -0.589    2.0    0.554    0.602    0.847    0.675    0.597    0.799
H-MgO_10_SiO2_5_Andreas_2-site1    0.397    10    3    3.311    -2.671    1.5    1.859    -0.667    2.0    0.306    0.43    0.728    0.522    0.555    0.629
H-MgO_10_SiO2_5_Andreas_2-site13    1.424    10    2    3.311    -1.6    1.363    1.781    -0.612    2.0    0.684    0.503    0.74    0.825    0.664    0.598
H-MgO_10_SiO2_5_Andreas_2-site17    1.123    10    2    3.311    -1.537    1.414    1.756    -0.663    2.0    0.589    0.566    0.833    0.729    0.573    0.755
H-MgO_10_SiO2_5_Andreas_2-site20    1.177    10    2    3.311    -2.142    1.417    1.779    -0.611    2.0    0.634    0.528    0.799    0.786    0.589    0.676
H-MgO_10_SiO2_5_Andreas_2-site21    1.6    10    2    3.311    -1.319    1.341    1.802    -0.627    2.0    0.689    0.502    0.734    0.826    0.673    0.593
H-MgO_10_SiO2_5_Andreas_2-site23    1.928    10    3    3.311    -1.067    0.76    1.945    -0.928    2.0    0.5    0.188    0.663    0.711    0.486    0.486
H-MgO_10_SiO2_5_Andreas_2-site26    1.22    10    3    3.311    -2.319    1.412    1.892    -0.639    2.0    0.517    0.112    0.655    0.744    0.47    0.419
H-MgO_10_SiO2_5_Andreas_2-site3    1.185    10    2    3.311    -1.517    1.43    1.788    -0.611    2.0    0.609    0.548    0.82    0.756    0.573    0.722
H-MgO_10_SiO2_5_Andreas_2-site30    0.991    10    3    3.311    -1.975    1.537    1.886    -0.694    2.0    0.371    0.348    0.736    0.587    0.466    0.637
H-MgO_10_SiO2_5_Andreas_2-site6    0.659    10    3    3.311    -2.604    1.435    1.909    -0.688    2.0    0.485    0.2    0.681    0.701    0.452    0.518
H-MgO_10_SiO2_5_Andreas_2-site7    0.816    10    3    3.311    -2.811    1.481    1.904    -0.671    2.0    0.361    0.485    0.573    0.661    0.619    0.383
H-MgO_10_SiO2_5_Andreas_3-site12    1.053    10    2    3.628    -1.535    1.38    1.772    -0.638    2.0    0.648    0.519    0.785    0.8    0.606    0.65
H-MgO_10_SiO2_5_Andreas_3-site13    0.616    10    3    3.628    -2.618    1.45    1.883    -0.68    2.0    0.351    0.474    0.591    0.667    0.605    0.354
H-MgO_10_SiO2_5_Andreas_3-site17    1.071    10    2    3.628    -1.383    1.361    1.771    -0.619    2.0    0.667    0.509    0.762    0.816    0.634    0.618
H-MgO_10_SiO2_5_Andreas_3-site3    0.983    10    2    3.628    -1.375    1.406    1.761    -0.659    2.0    0.568    0.587    0.843    0.698    0.583    0.784
H-MgO_10_SiO2_5_Andreas_3-site5    1.471    10    3    3.628    -1.09    0.766    1.931    -0.942    2.0    0.488    0.203    0.673    0.703    0.478    0.498
H-MgO_10_SiO2_5_Escatllar-site1    1.26    10    2    3.419    -1.667    1.34    1.765    -0.611    2.0    0.686    0.502    0.737    0.825    0.668    0.595
H-MgO_10_SiO2_5_Escatllar-site24    0.771    10    3    3.419    -2.6    1.467    1.869    -0.68    2.0    0.368    0.344    0.74    0.59    0.453    0.636
H-MgO_10_SiO2_5_Escatllar-site25    1.148    10    2    3.419    -1.57    1.346    1.764    -0.611    2.0    0.69    0.502    0.732    0.826    0.675    0.593
H-MgO_10_SiO2_5_Escatllar-site30    1.399    10    2    3.419    -1.683    1.374    1.759    -0.621    2.0    0.647    0.52    0.786    0.799    0.604    0.652
H-MgO_10_SiO2_5_Escatllar-site32    0.387    10    3    3.419    -2.52    1.501    1.86    -0.66    2.0    0.262    0.464    0.726    0.497    0.584    0.611
H-MgO_10_SiO2_5_Escatllar-site5    1.219    10    2    3.419    -1.534    1.357    1.771    -0.622    2.0    0.678    0.505    0.748    0.822    0.654    0.603
H-MgO_12_SiO2_6_Andreas_0-site11    0.727    12    2    3.063    -2.404    1.386    1.76    -0.626    2.0    0.633    0.529    0.8    0.785    0.589    0.678
H-MgO_12_SiO2_6_Andreas_0-site17    1.077    12    2    3.063    -2.18    1.402    1.757    -0.641    2.0    0.643    0.522    0.79    0.795    0.599    0.659
H-MgO_12_SiO2_6_Andreas_0-site18    1.406    12    2    3.063    -1.959    1.362    1.78    -0.598    2.0    0.703    0.5    0.713    0.829    0.7    0.587
H-MgO_12_SiO2_6_Andreas_0-site20    -0.155    12    3    3.063    -4.42    2.008    1.824    -0.378    2.0    0.285    0.463    0.712    0.503    0.601    0.604
H-MgO_12_SiO2_6_Andreas_0-site22    1.219    12    2    3.063    -2.402    1.423    1.744    -0.638    2.0    0.593    0.562    0.831    0.735    0.572    0.749
H-MgO_12_SiO2_6_Andreas_0-site24    0.474    12    3    3.063    -2.847    1.574    1.867    -0.65    2.0    0.327    0.422    0.714    0.547    0.558    0.601
H-MgO_12_SiO2_6_Andreas_0-site26    0.353    12    3    3.063    -2.942    1.727    1.935    -0.798    2.0    0.252    0.551    0.623    0.516    0.684    0.514
H-MgO_12_SiO2_6_Andreas_0-site30    1.489    12    2    3.063    -1.421    1.373    1.77    -0.581    2.0    0.682    0.503    0.742    0.824    0.661    0.599
H-MgO_12_SiO2_6_Andreas_0-site32    1.261    12    2    3.063    -1.693    1.359    1.761    -0.619    2.0    0.658    0.514    0.773    0.809    0.62    0.633
H-MgO_12_SiO2_6_Andreas_0-site34    1.37    12    2    3.063    -1.327    1.37    1.765    -0.584    2.0    0.686    0.502    0.737    0.825    0.669    0.595
H-MgO_12_SiO2_6_Andreas_0-site37    1.779    12    3    3.063    -0.979    0.786    1.927    -0.941    2.0    0.472    0.221    0.686    0.692    0.463    0.515
H-MgO_12_SiO2_6_Andreas_1-site0    1.216    12    2    3.382    -1.351    1.37    1.772    -0.589    2.0    0.668    0.508    0.761    0.816    0.637    0.616
H-MgO_12_SiO2_6_Andreas_1-site1    1.433    12    2    3.382    -1.171    1.357    1.797    -0.609    2.0    0.699    0.5    0.719    0.829    0.692    0.588
H-MgO_12_SiO2_6_Andreas_1-site10    0.673    12    3    3.382    -2.344    1.412    1.918    -0.645    2.0    0.562    0.044    0.6    0.761    0.548    0.365
H-MgO_12_SiO2_6_Andreas_1-site13    1.044    12    2    3.382    -2.045    1.396    1.747    -0.658    2.0    0.612    0.545    0.818    0.76    0.574    0.717
H-MgO_12_SiO2_6_Andreas_1-site16    0.577    12    3    3.382    -2.764    1.517    1.875    -0.721    2.0    0.279    0.391    0.781    0.53    0.401    0.699
H-MgO_12_SiO2_6_Andreas_1-site23    0.953    12    2    3.382    -1.981    1.424    1.754    -0.632    2.0    0.593    0.563    0.831    0.734    0.572    0.75
H-MgO_12_SiO2_6_Andreas_1-site27    1.164    12    2    3.382    -1.601    1.443    1.749    -0.646    2.0    0.572    0.583    0.841    0.703    0.581    0.78
H-MgO_12_SiO2_6_Andreas_1-site29    0.92    12    2    3.382    -1.673    1.513    1.745    -0.596    2.0    0.457    0.71    0.83    0.55    0.745    0.778
H-MgO_12_SiO2_6_Andreas_1-site34    1.405    12    2    3.382    -1.342    1.361    1.792    -0.628    2.0    0.68    0.504    0.745    0.823    0.658    0.601
H-MgO_12_SiO2_6_Andreas_1-site35    1.288    12    3    3.382    -1.481    0.766    1.915    -0.975    2.0    0.373    0.3    0.759    0.622    0.349    0.635
H-MgO_12_SiO2_6_Andreas_1-site37    1.101    12    2    3.382    -1.684    1.475    1.763    -0.613    2.0    0.531    0.627    0.851    0.64    0.626    0.813
H-MgO_12_SiO2_6_Andreas_1-site7    0.331    12    3    3.382    -2.648    1.516    1.899    -0.717    2.0    0.262    0.489    0.7    0.491    0.632    0.58
H-MgO_12_SiO2_6_Andreas_2-site10    1.044    12    2    3.451    -1.888    1.39    1.764    -0.63    2.0    0.63    0.531    0.802    0.782    0.586    0.683
H-MgO_12_SiO2_6_Andreas_2-site16    0.102    12    2    3.451    -3.468    1.837    1.683    -0.37    2.0    0.696    0.501    0.723    0.828    0.687    0.589
H-MgO_12_SiO2_6_Andreas_2-site31    0.743    12    3    3.451    -2.073    1.459    1.915    -0.65    2.0    0.544    0.213    0.608    0.695    0.569    0.519
H-MgO_12_SiO2_6_Andreas_2-site34    0.615    12    2    3.451    -2.266    1.363    1.761    -0.591    2.0    0.622    0.537    0.809    0.773    0.58    0.697
H-MgO_12_SiO2_6_Andreas_2-site35    1.241    12    3    3.451    -0.928    0.752    1.913    -0.982    2.0    0.423    0.313    0.705    0.626    0.49    0.593
H-MgO_12_SiO2_6_Andreas_2-site38    1.4    12    2    3.451    -1.196    1.383    1.79    -0.567    2.0    0.678    0.505    0.749    0.822    0.652    0.604
H-MgO_12_SiO2_6_Andreas_2-site39    1.261    12    2    3.451    -1.268    1.342    1.795    -0.634    2.0    0.679    0.505    0.747    0.822    0.654    0.603
H-MgO_12_SiO2_6_Andreas_2-site41    1.31    12    3    3.451    -0.988    0.754    1.936    -0.998    2.0    0.388    0.303    0.744    0.624    0.398    0.619
H-MgO_12_SiO2_6_Andreas_2-site7    1.04    12    2    3.451    -1.977    1.362    1.758    -0.618    2.0    0.657    0.514    0.775    0.808    0.618    0.634
H-MgO_12_SiO2_6_Andreas_3-site0    1.535    12    3    3.342    -1.097    0.805    1.94    -0.934    2.0    0.471    0.209    0.692    0.697    0.441    0.515
H-MgO_12_SiO2_6_Andreas_3-site12    1.29    12    2    3.342    -1.723    1.435    1.741    -0.595    2.0    0.587    0.568    0.834    0.725    0.573    0.759
H-MgO_12_SiO2_6_Andreas_3-site14    0.497    12    3    3.342    -3.082    1.474    1.858    -0.728    2.0    0.3    0.371    0.78    0.549    0.38    0.694
H-MgO_12_SiO2_6_Andreas_3-site15    1.532    12    3    3.342    -1.099    0.805    1.941    -0.934    2.0    0.472    0.209    0.691    0.698    0.441    0.515
H-MgO_12_SiO2_6_Andreas_3-site16    1.28    12    2    3.342    -1.482    1.455    1.76    -0.577    2.0    0.584    0.571    0.836    0.721    0.574    0.763
H-MgO_12_SiO2_6_Andreas_3-site20    1.286    12    2    3.342    -1.477    1.453    1.761    -0.576    2.0    0.587    0.568    0.834    0.725    0.573    0.759
H-MgO_12_SiO2_6_Andreas_3-site29    1.112    12    2    3.342    -1.72    1.433    1.742    -0.594    2.0    0.589    0.566    0.833    0.729    0.573    0.756
H-MgO_12_SiO2_6_Andreas_3-site34    1.286    12    2    3.342    -1.775    1.38    1.78    -0.607    2.0    0.669    0.508    0.759    0.817    0.638    0.615
H-MgO_12_SiO2_6_Andreas_3-site35    0.495    12    3    3.342    -3.083    1.473    1.858    -0.728    2.0    0.3    0.372    0.78    0.549    0.381    0.694
H-MgO_12_SiO2_6_Andreas_3-site8    1.292    12    2    3.342    -1.773    1.38    1.78    -0.607    2.0    0.669    0.508    0.759    0.817    0.638    0.615
H-MgO_12_SiO2_6_Escatllar-site19    0.978    12    2    3.511    -1.963    1.365    1.758    -0.63    2.0    0.671    0.507    0.757    0.818    0.642    0.612
H-MgO_12_SiO2_6_Escatllar-site24    1.074    12    2    3.511    -1.897    1.392    1.756    -0.642    2.0    0.648    0.519    0.784    0.801    0.606    0.649
H-MgO_12_SiO2_6_Escatllar-site33    0.633    12    3    3.511    -2.721    1.611    1.915    -0.702    2.0    0.375    0.406    0.679    0.588    0.579    0.543
H-MgO_12_SiO2_6_Escatllar-site34    0.98    12    2    3.511    -1.621    1.352    1.775    -0.623    2.0    0.675    0.506    0.752    0.82    0.648    0.608
H-MgO_12_SiO2_6_Escatllar-site35    1.274    12    2    3.511    -1.244    1.356    1.772    -0.614    2.0    0.699    0.5    0.719    0.829    0.692    0.588
H-MgO_12_SiO2_6_Escatllar-site36    0.554    12    3    3.511    -2.656    1.591    1.886    -0.698    2.0    0.309    0.444    0.711    0.522    0.584    0.608
H-MgO_14_SiO2_7_Andreas_0-site10    1.299    14    2    3.165    -2.071    1.403    1.758    -0.651    2.0    0.601    0.555    0.826    0.745    0.572    0.737
H-MgO_14_SiO2_7_Andreas_0-site11    0.542    14    2    3.165    -2.365    1.387    1.751    -0.654    2.0    0.595    0.56    0.829    0.738    0.572    0.745
H-MgO_14_SiO2_7_Andreas_0-site15    0.871    14    3    3.165    -3.164    1.446    1.857    -0.685    2.0    0.413    0.31    0.718    0.622    0.463    0.611
H-MgO_14_SiO2_7_Andreas_0-site16    1.624    14    3    3.165    -1.246    0.749    1.929    -0.97    2.0    0.436    0.254    0.717    0.666    0.417    0.568
H-MgO_14_SiO2_7_Andreas_0-site23    0.732    14    2    3.165    -2.071    1.452    1.741    -0.592    2.0    0.524    0.635    0.851    0.63    0.637    0.815
H-MgO_14_SiO2_7_Andreas_0-site27    0.695    14    3    3.165    -2.921    1.551    1.881    -0.709    2.0    0.276    0.45    0.723    0.537    0.548    0.585
H-MgO_14_SiO2_7_Andreas_0-site32    0.211    14    3    3.165    -3.324    1.541    1.883    -0.718    2.0    0.297    0.466    0.694    0.533    0.602    0.567
H-MgO_14_SiO2_7_Andreas_0-site34    1.176    14    3    3.165    -1.892    0.722    1.915    -1.008    2.0    0.369    0.3    0.763    0.62    0.334    0.641
H-MgO_14_SiO2_7_Andreas_0-site38    1.102    14    2    3.165    -1.899    1.381    1.81    -0.618    2.0    0.683    0.503    0.742    0.824    0.661    0.599
H-MgO_14_SiO2_7_Andreas_0-site43    0.609    14    2    3.165    -2.988    1.444    1.792    -0.708    2.0    0.559    0.597    0.846    0.683    0.592    0.795
H-MgO_14_SiO2_7_Andreas_0-site44    0.485    14    3    3.165    -2.518    1.62    1.889    -0.676    2.0    0.196    0.53    0.671    0.54    0.608    0.515
H-MgO_14_SiO2_7_Andreas_0-site45    1.442    14    2    3.165    -1.162    1.357    1.785    -0.596    2.0    0.689    0.502    0.733    0.826    0.674    0.593
H-MgO_14_SiO2_7_Andreas_0-site5    0.604    14    3    3.165    -2.94    1.528    1.883    -0.686    2.0    0.425    0.308    0.706    0.628    0.484    0.597
H-MgO_14_SiO2_7_Andreas_0-site6    1.077    14    2    3.165    -1.776    1.404    1.758    -0.619    2.0    0.648    0.519    0.784    0.8    0.606    0.649
H-MgO_14_SiO2_7_Andreas_1-site0    1.456    14    2    2.727    -1.877    1.459    1.765    -0.591    2.0    0.559    0.596    0.846    0.684    0.591    0.794
H-MgO_14_SiO2_7_Andreas_1-site11    2.145    14    2    2.727    -1.328    1.376    1.756    -0.591    2.0    0.643    0.522    0.789    0.796    0.6    0.658
H-MgO_14_SiO2_7_Andreas_1-site13    1.464    14    2    2.727    -2.708    1.508    1.81    -0.63    2.0    0.558    0.597    0.846    0.682    0.593    0.795
H-MgO_14_SiO2_7_Andreas_1-site21    0.909    14    3    2.727    -2.925    1.467    1.879    -0.702    2.0    0.387    0.29    0.75    0.633    0.366    0.617
H-MgO_14_SiO2_7_Andreas_1-site24    0.696    14    3    2.727    -3.36    1.46    1.894    -0.632    2.0    0.442    0.23    0.719    0.68    0.391    0.554
H-MgO_14_SiO2_7_Andreas_1-site26    1.987    14    3    2.727    -1.353    0.749    1.911    -0.908    2.0    0.522    0.092    0.651    0.75    0.472    0.401
H-MgO_14_SiO2_7_Andreas_1-site3    1.809    14    2    2.727    -1.955    1.367    1.75    -0.642    2.0    0.62    0.539    0.812    0.77    0.578    0.702
H-MgO_14_SiO2_7_Andreas_1-site30    1.331    14    3    2.727    -2.722    1.587    1.862    -0.688    2.0    0.247    0.529    0.632    0.589    0.602    0.491
H-MgO_14_SiO2_7_Andreas_1-site31    1.787    14    2    2.727    -1.524    1.399    1.752    -0.6    2.0    0.638    0.525    0.794    0.791    0.595    0.667
H-MgO_14_SiO2_7_Andreas_1-site32    0.711    14    3    2.727    -3.097    1.49    1.88    -0.639    2.0    0.434    0.294    0.7    0.645    0.487    0.564
H-MgO_14_SiO2_7_Andreas_1-site33    1.056    14    3    2.727    -3.414    1.423    1.894    -0.662    2.0    0.546    0.054    0.621    0.759    0.518    0.371
H-MgO_14_SiO2_7_Andreas_1-site34    1.255    14    2    2.727    -2.352    1.416    1.764    -0.628    2.0    0.587    0.568    0.834    0.725    0.573    0.759
H-MgO_14_SiO2_7_Andreas_1-site44    1.494    14    2    2.727    -2.572    1.392    1.756    -0.633    2.0    0.589    0.566    0.833    0.729    0.573    0.755
H-MgO_14_SiO2_7_Andreas_1-site7    1.36    14    2    2.727    -1.995    1.469    1.762    -0.595    2.0    0.559    0.596    0.846    0.684    0.591    0.794
H-MgO_14_SiO2_7_Andreas_2-site0    0.935    14    2    3.528    -1.667    1.4    1.758    -0.579    2.0    0.644    0.522    0.789    0.796    0.601    0.657
H-MgO_14_SiO2_7_Andreas_2-site16    1.34    14    3    3.528    -0.948    0.752    1.918    -0.973    2.0    0.44    0.247    0.713    0.674    0.424    0.546
H-MgO_14_SiO2_7_Andreas_2-site24    1.041    14    2    3.528    -1.644    1.335    1.775    -0.598    2.0    0.687    0.502    0.736    0.826    0.67    0.595
H-MgO_14_SiO2_7_Andreas_2-site31    0.904    14    2    3.528    -1.839    1.462    1.764    -0.599    2.0    0.581    0.573    0.837    0.717    0.575    0.767
H-MgO_14_SiO2_7_Andreas_2-site35    1.277    14    2    3.528    -1.295    1.437    1.763    -0.594    2.0    0.578    0.576    0.838    0.713    0.577    0.771
H-MgO_14_SiO2_7_Andreas_2-site45    0.828    14    3    3.528    -2.059    1.451    1.898    -0.632    2.0    0.512    0.156    0.655    0.726    0.484    0.459
H-MgO_14_SiO2_7_Andreas_2-site46    1.131    14    2    3.528    -1.919    1.466    1.738    -0.643    2.0    0.495    0.667    0.847    0.589    0.683    0.811
H-MgO_14_SiO2_7_Andreas_2-site47    1.167    14    2    3.528    -1.2    1.375    1.793    -0.591    2.0    0.678    0.505    0.748    0.822    0.654    0.603
H-MgO_14_SiO2_7_Andreas_2-site48    1.418    14    3    3.528    -1.402    0.786    1.926    -0.999    2.0    0.365    0.371    0.726    0.571    0.505    0.633
H-MgO_14_SiO2_7_Andreas_2-site6    0.985    14    2    3.528    -1.726    1.409    1.743    -0.581    2.0    0.601    0.555    0.826    0.746    0.572    0.736
H-MgO_14_SiO2_7_Andreas_2-site7    1.159    14    2    3.528    -1.849    1.438    1.741    -0.61    2.0    0.593    0.562    0.831    0.735    0.572    0.749
H-MgO_14_SiO2_7_Andreas_3-site0    0.989    14    3    3.057    -2.501    1.58    1.857    -0.654    2.0    0.392    0.408    0.641    0.635    0.609    0.418
H-MgO_14_SiO2_7_Andreas_3-site15    0.843    14    2    3.057    -2.254    1.341    1.773    -0.606    2.0    0.678    0.505    0.748    0.822    0.654    0.604
H-MgO_14_SiO2_7_Andreas_3-site25    0.983    14    2    3.057    -2.324    1.408    1.743    -0.652    2.0    0.57    0.585    0.842    0.7    0.582    0.783
H-MgO_14_SiO2_7_Andreas_3-site30    1.051    14    2    3.057    -2.379    1.381    1.745    -0.647    2.0    0.616    0.542    0.815    0.765    0.576    0.71
H-MgO_14_SiO2_7_Andreas_3-site33    1.239    14    2    3.057    -1.44    1.363    1.804    -0.617    2.0    0.693    0.501    0.728    0.827    0.68    0.591
H-MgO_14_SiO2_7_Andreas_3-site38    0.418    14    3    3.057    -2.89    1.429    1.877    -0.692    2.0    0.423    0.334    0.683    0.631    0.541    0.536
H-MgO_14_SiO2_7_Andreas_3-site46    1.318    14    2    3.057    -1.915    1.354    1.759    -0.615    2.0    0.691    0.502    0.731    0.827    0.677    0.592
H-MgO_14_SiO2_7_Andreas_3-site7    1.464    14    2    3.057    -1.284    1.395    1.758    -0.631    2.0    0.619    0.54    0.812    0.769    0.578    0.704
H-MgO_14_SiO2_7_Andreas_3-site8    0.381    14    3    3.057    -3.612    1.476    1.886    -0.693    2.0    0.435    0.292    0.7    0.645    0.484    0.567
H-MgO_14_SiO2_7_Escatllar-site10    0.882    14    2    3.452    -1.952    1.387    1.758    -0.646    2.0    0.66    0.512    0.771    0.81    0.623    0.629
H-MgO_14_SiO2_7_Escatllar-site11    0.531    14    3    3.452    -2.554    1.546    1.905    -0.693    2.0    0.299    0.407    0.752    0.537    0.488    0.647
H-MgO_14_SiO2_7_Escatllar-site12    1.363    14    2    3.452    -1.3    1.391    1.785    -0.611    2.0    0.696    0.501    0.723    0.828    0.687    0.589
H-MgO_14_SiO2_7_Escatllar-site16    0.268    14    3    3.452    -2.719    1.634    1.908    -0.721    2.0    0.213    0.557    0.59    0.654    0.531    0.506
H-MgO_14_SiO2_7_Escatllar-site19    1.067    14    3    3.452    -1.696    0.919    1.979    -1.104    2.0    0.196    0.543    0.65    0.554    0.616    0.501
H-MgO_14_SiO2_7_Escatllar-site28    0.925    14    2    3.452    -1.628    1.4    1.763    -0.648    2.0    0.578    0.576    0.838    0.713    0.577    0.771
H-MgO_14_SiO2_7_Escatllar-site30    0.721    14    3    3.452    -2.378    1.464    1.875    -0.624    2.0    0.433    0.256    0.718    0.664    0.415    0.568
H-MgO_14_SiO2_7_Escatllar-site43    1.5    14    2    3.452    -1.415    1.366    1.781    -0.614    2.0    0.689    0.502    0.733    0.826    0.673    0.593
H-MgO_14_SiO2_7_Escatllar-site47    1.161    14    2    3.452    -1.706    1.387    1.758    -0.631    2.0    0.654    0.516    0.778    0.805    0.614    0.64
H-MgO_14_SiO2_7_Escatllar-site48    1.096    14    2    3.452    -1.523    1.374    1.777    -0.614    2.0    0.69    0.502    0.733    0.826    0.674    0.593
H-MgO_16_SiO2_8_Andreas_0-site18    0.902    16    2    3.688    -1.911    1.461    1.742    -0.64    2.0    0.523    0.636    0.851    0.628    0.638    0.815
H-MgO_16_SiO2_8_Andreas_0-site29    0.113    16    3    3.688    -2.569    1.463    1.871    -0.691    2.0    0.292    0.385    0.776    0.541    0.409    0.685
H-MgO_16_SiO2_8_Andreas_0-site32    0.901    16    3    3.688    -2.498    1.491    1.878    -0.716    2.0    0.383    0.388    0.706    0.549    0.552    0.652
H-MgO_16_SiO2_8_Andreas_0-site34    1.253    16    2    3.688    -1.242    1.408    1.802    -0.576    2.0    0.67    0.508    0.758    0.818    0.64    0.613
H-MgO_16_SiO2_8_Andreas_0-site39    0.882    16    2    3.688    -1.363    1.409    1.767    -0.592    2.0    0.638    0.525    0.794    0.791    0.595    0.667
H-MgO_16_SiO2_8_Andreas_0-site40    0.212    16    3    3.688    -2.596    1.449    1.901    -0.716    2.0    0.476    0.249    0.674    0.675    0.501    0.535
H-MgO_16_SiO2_8_Andreas_0-site44    1.282    16    2    3.688    -1.514    1.406    1.773    -0.638    2.0    0.601    0.555    0.826    0.745    0.572    0.736
H-MgO_16_SiO2_8_Andreas_0-site46    1.386    16    3    3.688    -0.817    0.771    1.935    -0.977    2.0    0.415    0.277    0.727    0.649    0.414    0.584
H-MgO_16_SiO2_8_Andreas_0-site52    0.762    16    2    3.688    -1.403    1.333    1.75    -0.65    2.0    0.658    0.513    0.773    0.809    0.62    0.633
H-MgO_16_SiO2_8_Andreas_1-site13    0.823    16    3    3.074    -2.441    1.428    1.948    -0.649    2.0    0.511    0.168    0.657    0.719    0.482    0.479
H-MgO_16_SiO2_8_Andreas_1-site2    1.46    16    2    3.074    -2.135    1.365    1.794    -0.613    2.0    0.678    0.505    0.748    0.822    0.654    0.604
H-MgO_16_SiO2_8_Andreas_1-site27    0.74    16    3    3.074    -2.708    1.426    1.944    -0.713    2.0    0.506    0.202    0.653    0.704    0.512    0.494
H-MgO_16_SiO2_8_Andreas_1-site29    1.708    16    3    3.074    -0.76    0.908    1.925    -0.973    2.0    0.312    0.433    0.714    0.545    0.56    0.589
H-MgO_16_SiO2_8_Andreas_1-site31    0.812    16    2    3.074    -2.808    1.385    1.741    -0.681    2.0    0.608    0.549    0.821    0.755    0.573    0.724
H-MgO_16_SiO2_8_Andreas_1-site37    1.102    16    2    3.074    -1.843    1.367    1.763    -0.625    2.0    0.66    0.512    0.771    0.81    0.623    0.629
H-MgO_16_SiO2_8_Andreas_1-site38    0.785    16    2    3.074    -2.173    1.392    1.763    -0.654    2.0    0.615    0.543    0.815    0.764    0.576    0.711
H-MgO_16_SiO2_8_Andreas_1-site39    1.392    16    3    3.074    -1.401    0.814    1.919    -1.007    2.0    0.392    0.352    0.699    0.623    0.524    0.53
H-MgO_16_SiO2_8_Andreas_1-site42    1.15    16    2    3.074    -1.688    1.389    1.798    -0.581    2.0    0.711    0.5    0.701    0.829    0.714    0.587
H-MgO_16_SiO2_8_Andreas_2-site13    0.187    16    3    2.831    -3.526    1.614    1.936    -0.754    2.0    0.423    0.513    0.438    0.708    0.666    0.381
H-MgO_16_SiO2_8_Andreas_2-site23    0.963    16    3    2.831    -2.661    1.443    1.873    -0.666    2.0    0.438    0.281    0.708    0.642    0.455    0.6
H-MgO_16_SiO2_8_Andreas_2-site25    0.755    16    3    2.831    -2.8    1.509    1.859    -0.671    2.0    0.396    0.329    0.717    0.62    0.481    0.58
H-MgO_16_SiO2_8_Andreas_2-site27    1.437    16    2    2.831    -1.537    1.349    1.778    -0.623    2.0    0.677    0.505    0.75    0.821    0.651    0.605
H-MgO_16_SiO2_8_Andreas_2-site33    0.671    16    3    2.831    -3.466    1.688    1.877    -0.673    2.0    0.342    0.5    0.556    0.691    0.591    0.365
H-MgO_16_SiO2_8_Andreas_2-site4    1.83    16    3    2.831    -1.224    0.784    1.934    -0.928    2.0    0.501    0.162    0.667    0.723    0.464    0.468
H-MgO_16_SiO2_8_Andreas_2-site47    1.893    16    3    2.831    -0.94    0.8    1.939    -0.94    2.0    0.501    0.136    0.672    0.734    0.444    0.445
H-MgO_16_SiO2_8_Andreas_2-site51    1.239    16    2    2.831    -1.851    1.407    1.77    -0.602    2.0    0.64    0.524    0.793    0.793    0.596    0.664
H-MgO_16_SiO2_8_Andreas_3-site12    0.589    16    3    3.341    -2.767    1.525    1.872    -0.721    2.0    0.267    0.428    0.758    0.511    0.5    0.659
H-MgO_16_SiO2_8_Andreas_3-site13    1.094    16    2    3.341    -1.589    1.473    1.758    -0.635    2.0    0.494    0.669    0.846    0.588    0.685    0.811
H-MgO_16_SiO2_8_Andreas_3-site18    0.873    16    2    3.341    -2.185    1.415    1.762    -0.606    2.0    0.625    0.535    0.807    0.776    0.582    0.692
H-MgO_16_SiO2_8_Andreas_3-site29    0.159    16    3    3.341    -3.102    1.474    1.876    -0.695    2.0    0.256    0.436    0.757    0.507    0.504    0.654
H-MgO_16_SiO2_8_Andreas_3-site33    1.337    16    2    3.341    -1.864    1.4    1.751    -0.624    2.0    0.644    0.521    0.788    0.797    0.601    0.656
H-MgO_16_SiO2_8_Andreas_3-site34    1.328    16    2    3.341    -1.099    1.379    1.784    -0.597    2.0    0.664    0.51    0.766    0.813    0.629    0.623
H-MgO_16_SiO2_8_Andreas_3-site37    0.159    16    3    3.341    -3.516    1.621    1.919    -0.76    2.0    0.504    0.159    0.665    0.725    0.468    0.463
H-MgO_16_SiO2_8_Andreas_3-site39    0.95    16    2    3.341    -2.702    1.426    1.775    -0.635    2.0    0.614    0.544    0.816    0.762    0.575    0.713
H-MgO_16_SiO2_8_Andreas_3-site40    0.335    16    3    3.341    -3.523    1.457    1.894    -0.767    2.0    0.423    0.275    0.722    0.649    0.424    0.587
H-MgO_16_SiO2_8_Andreas_3-site43    0.484    16    3    3.341    -3.111    1.553    1.877    -0.679    2.0    0.316    0.428    0.719    0.539    0.557    0.606
H-MgO_16_SiO2_8_Andreas_3-site44    1.806    16    2    3.341    -2.555    1.448    1.781    -0.731    2.0    0.496    0.666    0.847    0.591    0.682    0.812
H-MgO_16_SiO2_8_Andreas_3-site46    1.413    16    3    3.341    -1.015    0.79    1.923    -0.972    2.0    0.406    0.279    0.737    0.645    0.39    0.598
H-MgO_16_SiO2_8_Andreas_3-site52    1.154    16    2    3.341    -1.531    1.339    1.778    -0.649    2.0    0.693    0.501    0.728    0.827    0.68    0.591
H-MgO_16_SiO2_8_Escatllar-site22    1.016    16    2    3.389    -1.998    1.396    1.758    -0.646    2.0    0.638    0.525    0.795    0.791    0.594    0.668
H-MgO_16_SiO2_8_Escatllar-site23    0.356    16    2    3.389    -2.207    1.411    1.762    -0.601    2.0    0.516    0.643    0.85    0.619    0.648    0.816
H-MgO_16_SiO2_8_Escatllar-site3    0.985    16    2    3.389    -2.081    1.417    1.739    -0.678    2.0    0.552    0.603    0.848    0.673    0.599    0.8
H-MgO_16_SiO2_8_Escatllar-site32    0.113    16    3    3.389    -3.164    1.547    1.904    -0.788    2.0    0.155    0.566    0.642    0.53    0.653    0.482
H-MgO_16_SiO2_8_Escatllar-site33    0.97    16    2    3.389    -2.215    1.411    1.763    -0.673    2.0    0.583    0.572    0.836    0.72    0.575    0.764
H-MgO_16_SiO2_8_Escatllar-site34    0.89    16    2    3.389    -1.726    1.445    1.759    -0.625    2.0    0.546    0.61    0.849    0.663    0.606    0.805
H-MgO_16_SiO2_8_Escatllar-site35    0.111    16    2    3.389    -3.061    1.869    1.676    -0.377    2.0    0.659    0.513    0.772    0.81    0.621    0.631
H-MgO_16_SiO2_8_Escatllar-site49    0.79    16    2    3.389    -1.633    1.473    1.743    -0.573    2.0    0.534    0.623    0.85    0.645    0.622    0.812
H-MgO_16_SiO2_8_Escatllar-site50    1.439    16    3    3.389    -1.439    0.842    1.922    -1.011    2.0    0.337    0.388    0.723    0.594    0.498    0.557
H-MgO_16_SiO2_8_Escatllar-site51    0.83    16    2    3.389    -1.739    1.448    1.769    -0.579    2.0    0.578    0.577    0.839    0.712    0.577    0.772
H-MgO_16_SiO2_8_Escatllar-site53    0.431    16    3    3.389    -2.88    1.466    1.907    -0.724    2.0    0.358    0.4    0.71    0.557    0.551    0.616
H-MgO_16_SiO2_8_Escatllar-site55    0.903    16    2    3.389    -1.862    1.375    1.755    -0.67    2.0    0.61    0.547    0.819    0.758    0.574    0.72
H-MgO_16_SiO2_8_Escatllar-site9    0.681    16    3    3.389    -2.485    1.573    1.874    -0.627    2.0    0.423    0.333    0.68    0.637    0.546    0.516
H-MgO_18_SiO2_9_Escatllar-site0    0.805    18    2    3.534    -1.752    1.472    1.758    -0.625    2.0    0.523    0.635    0.851    0.629    0.637    0.815
H-MgO_18_SiO2_9_Escatllar-site16    0.586    18    2    3.534    -2.36    1.509    1.755    -0.731    2.0    0.371    0.803    0.753    0.554    0.836    0.63
H-MgO_18_SiO2_9_Escatllar-site20    0.913    18    2    3.534    -1.678    1.452    1.748    -0.678    2.0    0.504    0.657    0.849    0.602    0.668    0.815
H-MgO_18_SiO2_9_Escatllar-site27    1.032    18    2    3.534    -1.216    1.347    1.781    -0.625    2.0    0.709    0.5    0.704    0.829    0.711    0.586
H-MgO_18_SiO2_9_Escatllar-site32    0.428    18    3    3.534    -2.238    1.485    1.893    -0.662    2.0    0.384    0.37    0.714    0.567    0.525    0.644
H-MgO_18_SiO2_9_Escatllar-site4    1.028    18    2    3.534    -1.681    1.375    1.751    -0.643    2.0    0.635    0.528    0.798    0.787    0.591    0.674
H-MgO_18_SiO2_9_Escatllar-site45    1.339    18    3    3.534    -1.123    0.86    1.946    -1.028    2.0    0.351    0.39    0.71    0.596    0.524    0.546
H-MgO_18_SiO2_9_Escatllar-site48    0.559    18    3    3.534    -2.363    1.45    1.911    -0.686    2.0    0.409    0.326    0.716    0.606    0.481    0.629
H-MgO_18_SiO2_9_Escatllar-site56    0.821    18    2    3.534    -2.147    1.377    1.746    -0.642    2.0    0.607    0.55    0.822    0.753    0.573    0.726
H-MgO_18_SiO2_9_Escatllar-site57    0.341    18    3    3.534    -3.021    1.532    1.873    -0.792    2.0    0.31    0.406    0.736    0.564    0.497    0.598
H-MgO_18_SiO2_9_Escatllar-site58    0.97    18    2    3.534    -1.929    1.404    1.758    -0.68    2.0    0.586    0.569    0.835    0.724    0.574    0.76
H-MgO_18_SiO2_9_Escatllar-site60    0.725    18    2    3.534    -2.031    1.442    1.76    -0.65    2.0    0.532    0.625    0.85    0.642    0.624    0.813
H-MgO_20_SiO2_10_Escatllar-site1    0.988    20    3    3.292    -2.619    1.407    1.879    -0.686    2.0    0.473    0.211    0.692    0.694    0.438    0.528
H-MgO_20_SiO2_10_Escatllar-site10    1.091    20    2    3.292    -1.953    1.439    1.744    -0.663    2.0    0.546    0.61    0.849    0.663    0.606    0.805
H-MgO_20_SiO2_10_Escatllar-site11    1.151    20    2    3.292    -1.472    1.337    1.783    -0.617    2.0    0.685    0.503    0.739    0.825    0.666    0.597
H-MgO_20_SiO2_10_Escatllar-site2    0.58    20    3    3.292    -2.61    1.582    1.87    -0.676    2.0    0.314    0.417    0.734    0.53    0.536    0.637
H-MgO_20_SiO2_10_Escatllar-site22    1.175    20    2    3.292    -1.546    1.333    1.782    -0.614    2.0    0.692    0.501    0.729    0.827    0.679    0.591
H-MgO_20_SiO2_10_Escatllar-site34    0.599    20    3    3.292    -2.534    1.537    1.914    -0.747    2.0    0.389    0.36    0.704    0.602    0.525    0.576
H-MgO_20_SiO2_10_Escatllar-site36    1.688    20    3    3.292    -0.77    0.822    1.953    -0.938    2.0    0.478    0.194    0.687    0.706    0.443    0.498
H-MgO_20_SiO2_10_Escatllar-site4    1.297    20    2    3.292    -1.929    1.44    1.741    -0.656    2.0    0.571    0.584    0.842    0.702    0.581    0.781
H-MgO_20_SiO2_10_Escatllar-site53    0.521    20    3    3.292    -2.895    1.507    1.87    -0.72    2.0    0.39    0.3    0.742    0.628    0.398    0.612
H-MgO_20_SiO2_10_Escatllar-site57    1.48    20    3    3.292    -0.891    0.769    1.9    -0.984    2.0    0.433    0.265    0.713    0.663    0.437    0.556
H-MgO_20_SiO2_10_Escatllar-site6    0.435    20    2    3.292    -3.047    1.991    1.664    -0.366    2.0    0.516    0.644    0.85    0.618    0.649    0.816
H-MgO_20_SiO2_10_Escatllar-site68    1.271    20    2    3.292    -1.869    1.48    1.77    -0.621    2.0    0.542    0.615    0.85    0.657    0.611    0.808
H-MgO_20_SiO2_10_Escatllar-site69    1.204    20    2    3.292    -1.651    1.446    1.753    -0.608    2.0    0.553    0.603    0.847    0.674    0.598    0.8
H-MgO_3_SiO2_3_Andreas_0-site1    1.537    3    2    2.923    -2.532    1.393    1.742    -0.62    1.0    0.642    0.523    0.791    0.794    0.598    0.661
H-MgO_3_SiO2_3_Andreas_0-site10    1.781    3    2    2.923    -1.772    1.445    1.775    -0.534    1.0    0.614    0.544    0.816    0.763    0.575    0.713
H-MgO_3_SiO2_3_Andreas_0-site3    1.779    3    2    2.923    -1.768    1.444    1.775    -0.534    1.0    0.614    0.543    0.816    0.763    0.575    0.713
H-MgO_3_SiO2_3_Andreas_0-site4    1.538    3    2    2.923    -2.537    1.394    1.741    -0.621    1.0    0.64    0.524    0.792    0.793    0.597    0.663
H-MgO_3_SiO2_3_Andreas_0-site5    1.953    3    2    2.923    -1.491    1.44    1.757    -0.576    1.0    0.585    0.569    0.835    0.723    0.574    0.761
H-MgO_3_SiO2_3_Andreas_0-site6    0.495    3    3    2.923    -4.134    2.259    1.89    -0.483    1.0    0.272    0.535    0.648    0.461    0.709    0.552
H-MgO_3_SiO2_3_Andreas_0-site7    1.153    3    2    2.923    -3.296    1.89    1.678    -0.369    1.0    0.67    0.508    0.759    0.817    0.639    0.614
H-MgO_3_SiO2_3_Andreas_0-site8    1.893    3    2    2.923    -2.104    1.44    1.736    -0.595    1.0    0.58    0.575    0.838    0.716    0.576    0.769
H-MgO_3_SiO2_3_Andreas_0-site9    1.89    3    2    2.923    -2.106    1.44    1.736    -0.595    1.0    0.579    0.575    0.838    0.714    0.576    0.77
H-MgO_3_SiO2_3_Escatllar-site0    1.633    3    2    3.164    -1.68    1.452    1.752    -0.559    1.0    0.591    0.564    0.832    0.732    0.572    0.752
H-MgO_3_SiO2_3_Escatllar-site13    1.716    3    2    3.164    -1.978    1.46    1.745    -0.588    1.0    0.55    0.606    0.848    0.67    0.601    0.802
H-MgO_3_SiO2_3_Escatllar-site5    1.674    3    2    3.164    -1.949    1.415    1.752    -0.598    1.0    0.627    0.533    0.805    0.779    0.584    0.688
H-MgO_3_SiO2_3_Escatllar-site6    1.577    3    2    3.164    -2.064    1.433    1.764    -0.54    1.0    0.618    0.54    0.812    0.769    0.578    0.704
H-MgO_3_SiO2_3_Escatllar-site8    0.934    3    2    3.164    -3.613    1.873    1.681    -0.399    1.0    0.673    0.507    0.755    0.819    0.645    0.61
H-MgO_4_SiO2_2_Andreas_0-site0    1.781    4    2    2.628    -1.809    1.463    1.755    -0.568    2.0    0.598    0.558    0.828    0.741    0.572    0.741
H-MgO_4_SiO2_2_Andreas_0-site13    1.995    4    2    2.628    -1.698    1.421    1.766    -0.571    2.0    0.68    0.504    0.745    0.823    0.657    0.601
H-MgO_4_SiO2_2_Andreas_0-site3    1.653    4    2    2.628    -1.981    1.382    1.754    -0.608    2.0    0.66    0.512    0.77    0.811    0.624    0.628
H-MgO_4_SiO2_2_Andreas_0-site7    1.976    4    2    2.628    -1.824    1.388    1.776    -0.585    2.0    0.717    0.501    0.692    0.828    0.726    0.589
H-MgO_4_SiO2_2_Andreas_0-site8    2.114    4    3    2.628    -1.698    0.813    1.956    -0.902    2.0    0.508    0.189    0.653    0.711    0.504    0.485
H-MgO_4_SiO2_2_Andreas_0-site9    1.586    4    2    2.628    -2.129    1.362    1.759    -0.649    2.0    0.666    0.51    0.764    0.815    0.632    0.62
H-MgO_4_SiO2_2_Andreas_1-site2    2.564    4    3    2.202    -1.601    0.811    1.95    -0.845    2.0    0.549    0.065    0.617    0.757    0.524    0.378
H-MgO_4_SiO2_2_Andreas_2-site1    2.281    4    2    2.784    -1.885    1.384    1.77    -0.63    2.0    0.679    0.504    0.746    0.822    0.656    0.602
H-MgO_4_SiO2_2_Andreas_2-site10    1.758    4    3    2.784    -2.109    1.506    1.878    -0.608    2.0    0.557    0.147    0.603    0.729    0.554    0.456
H-MgO_4_SiO2_2_Andreas_2-site11    1.979    4    2    2.784    -1.363    1.371    1.778    -0.567    2.0    0.731    0.503    0.67    0.824    0.75    0.599
H-MgO_4_SiO2_2_Andreas_2-site4    2.117    4    3    2.784    -1.535    0.827    1.968    -0.901    2.0    0.522    0.173    0.64    0.718    0.516    0.473
H-MgO_4_SiO2_2_Andreas_2-site8    1.748    4    2    2.784    -1.748    1.418    1.756    -0.66    2.0    0.607    0.55    0.821    0.754    0.573    0.726
H-MgO_4_SiO2_2_Escatllar-site10    1.865    4    3    2.937    -1.614    0.81    1.953    -0.938    2.0    0.474    0.336    0.623    0.64    0.627    0.499
H-MgO_4_SiO2_2_Escatllar-site11    2.028    4    2    2.937    -1.38    1.403    1.775    -0.579    2.0    0.716    0.5    0.694    0.828    0.723    0.588
H-MgO_4_SiO2_2_Escatllar-site2    1.17    4    3    2.937    -3.191    2.239    1.85    -0.408    2.0    0.397    0.526    0.426    0.742    0.616    0.401
H-MgO_4_SiO2_2_Escatllar-site3    2.029    4    2    2.937    -1.38    1.403    1.775    -0.579    2.0    0.715    0.5    0.694    0.829    0.723    0.588
H-MgO_4_SiO2_4_Andreas_0-site11    1.834    4    2    3.011    -1.582    1.404    1.76    -0.572    1.0    0.642    0.522    0.79    0.795    0.599    0.66
H-MgO_4_SiO2_4_Andreas_0-site14    1.419    4    2    3.011    -1.893    1.372    1.755    -0.601    1.0    0.675    0.506    0.752    0.82    0.648    0.607
H-MgO_4_SiO2_4_Andreas_0-site15    1.854    4    2    3.011    -1.805    1.417    1.753    -0.588    1.0    0.655    0.515    0.777    0.806    0.615    0.638
H-MgO_4_SiO2_4_Andreas_0-site16    0.991    4    2    3.011    -3.511    2.045    1.722    -0.387    1.0    0.485    0.679    0.843    0.577    0.7    0.805
H-MgO_4_SiO2_4_Andreas_0-site19    1.354    4    2    3.011    -1.986    1.506    1.733    -0.594    1.0    0.471    0.695    0.838    0.562    0.723    0.794
H-MgO_4_SiO2_4_Andreas_0-site3    1.651    4    2    3.011    -2.26    1.446    1.74    -0.597    1.0    0.577    0.578    0.839    0.711    0.578    0.773
H-MgO_4_SiO2_4_Andreas_0-site7    1.787    4    2    3.011    -1.979    1.366    1.753    -0.611    1.0    0.643    0.522    0.789    0.796    0.6    0.657
H-MgO_4_SiO2_4_Andreas_0-site9    1.84    4    2    3.011    -1.988    1.388    1.75    -0.575    1.0    0.69    0.502    0.732    0.827    0.675    0.592
H-MgO_4_SiO2_4_Andreas_1-site1    1.512    4    2    3.039    -1.616    1.422    1.74    -0.596    1.0    0.583    0.572    0.836    0.72    0.575    0.764
H-MgO_4_SiO2_4_Andreas_1-site11    1.811    4    2    3.039    -2.184    1.436    1.73    -0.595    1.0    0.562    0.593    0.845    0.688    0.589    0.791
H-MgO_4_SiO2_4_Andreas_1-site12    1.724    4    2    3.039    -1.622    1.409    1.75    -0.566    1.0    0.628    0.532    0.804    0.78    0.584    0.686
H-MgO_4_SiO2_4_Andreas_1-site13    1.724    4    2    3.039    -1.629    1.409    1.749    -0.566    1.0    0.628    0.533    0.805    0.779    0.584    0.687
H-MgO_4_SiO2_4_Andreas_1-site14    1.516    4    2    3.039    -1.615    1.424    1.74    -0.597    1.0    0.58    0.575    0.838    0.716    0.576    0.769
H-MgO_4_SiO2_4_Andreas_1-site15    1.544    4    2    3.039    -2.464    1.418    1.728    -0.648    1.0    0.568    0.587    0.843    0.697    0.584    0.785
H-MgO_4_SiO2_4_Andreas_1-site2    0.802    4    2    3.039    -3.037    2.02    1.671    -0.321    1.0    0.503    0.658    0.848    0.6    0.67    0.814
H-MgO_4_SiO2_4_Andreas_1-site6    1.654    4    2    3.039    -1.454    1.39    1.759    -0.616    1.0    0.672    0.507    0.756    0.819    0.643    0.611
H-MgO_4_SiO2_4_Andreas_1-site7    0.801    4    2    3.039    -3.028    2.02    1.67    -0.318    1.0    0.504    0.657    0.849    0.601    0.668    0.815
H-MgO_4_SiO2_4_Andreas_1-site8    1.653    4    2    3.039    -1.459    1.389    1.759    -0.617    1.0    0.672    0.507    0.756    0.818    0.642    0.612
H-MgO_4_SiO2_4_Andreas_2-site0    1.897    4    2    3.333    -2.875    1.432    1.74    -0.558    1.0    0.521    0.638    0.851    0.625    0.641    0.816
H-MgO_4_SiO2_4_Andreas_2-site10    1.451    4    2    3.333    -1.508    1.372    1.758    -0.613    1.0    0.682    0.504    0.743    0.824    0.661    0.599
H-MgO_4_SiO2_4_Andreas_2-site11    1.45    4    2    3.333    -1.505    1.371    1.758    -0.613    1.0    0.683    0.503    0.742    0.824    0.662    0.599
H-MgO_4_SiO2_4_Andreas_2-site14    1.453    4    2    3.333    -1.505    1.371    1.758    -0.613    1.0    0.682    0.504    0.742    0.824    0.661    0.599
H-MgO_4_SiO2_4_Andreas_2-site16    1.208    4    2    3.333    -1.364    1.438    1.757    -0.572    1.0    0.577    0.578    0.839    0.711    0.578    0.773
H-MgO_4_SiO2_4_Andreas_2-site18    1.21    4    2    3.333    -1.36    1.437    1.758    -0.573    1.0    0.577    0.577    0.839    0.711    0.577    0.773
H-MgO_4_SiO2_4_Andreas_2-site2    1.211    4    2    3.333    -1.36    1.438    1.757    -0.572    1.0    0.577    0.578    0.839    0.711    0.578    0.773
H-MgO_4_SiO2_4_Andreas_2-site3    1.898    4    2    3.333    -2.874    1.431    1.74    -0.559    1.0    0.522    0.637    0.851    0.626    0.64    0.816
H-MgO_4_SiO2_4_Andreas_2-site5    1.897    4    2    3.333    -2.878    1.431    1.74    -0.558    1.0    0.521    0.637    0.851    0.626    0.64    0.816
H-MgO_4_SiO2_4_Andreas_3-site1    1.349    4    2    3.515    -1.776    1.485    1.733    -0.617    1.0    0.481    0.684    0.842    0.573    0.707    0.802
H-MgO_4_SiO2_4_Andreas_3-site13    1.573    4    2    3.515    -1.379    1.364    1.756    -0.539    1.0    0.698    0.5    0.72    0.828    0.691    0.588
H-MgO_4_SiO2_4_Andreas_3-site14    1.605    4    2    3.515    -1.326    1.394    1.766    -0.556    1.0    0.681    0.504    0.745    0.823    0.658    0.601
H-MgO_4_SiO2_4_Andreas_3-site2    0.857    4    2    3.515    -2.939    2.045    1.666    -0.307    1.0    0.492    0.671    0.846    0.586    0.688    0.81
H-MgO_4_SiO2_4_Andreas_3-site6    1.62    4    2    3.515    -1.781    1.392    1.747    -0.61    1.0    0.656    0.514    0.775    0.808    0.618    0.635
H-MgO_4_SiO2_4_Andreas_3-site7    0.824    4    2    3.515    -2.943    2.041    1.665    -0.311    1.0    0.503    0.659    0.848    0.6    0.67    0.814
H-MgO_4_SiO2_4_Andreas_3-site8    1.741    4    2    3.515    -1.624    1.402    1.745    -0.604    1.0    0.645    0.521    0.787    0.798    0.602    0.655
H-MgO_4_SiO2_4_Escatllar-site10    1.709    4    2    3.278    -1.949    1.446    1.741    -0.619    1.0    0.533    0.624    0.85    0.644    0.623    0.812
H-MgO_4_SiO2_4_Escatllar-site11    1.69    4    2    3.278    -1.577    1.406    1.76    -0.58    1.0    0.646    0.52    0.787    0.798    0.603    0.653
H-MgO_4_SiO2_4_Escatllar-site14    1.345    4    2    3.278    -1.806    1.376    1.751    -0.585    1.0    0.666    0.51    0.764    0.815    0.632    0.62
H-MgO_4_SiO2_4_Escatllar-site15    1.373    4    2    3.278    -2.328    1.385    1.754    -0.616    1.0    0.659    0.513    0.772    0.81    0.622    0.631
H-MgO_4_SiO2_4_Escatllar-site16    1.764    4    2    3.278    -1.742    1.403    1.754    -0.605    1.0    0.676    0.506    0.751    0.821    0.65    0.606
H-MgO_4_SiO2_4_Escatllar-site18    1.577    4    2    3.278    -2.007    1.381    1.755    -0.6    1.0    0.659    0.513    0.772    0.81    0.622    0.63
H-MgO_4_SiO2_4_Escatllar-site19    0.759    4    2    3.278    -3.342    2.02    1.668    -0.309    1.0    0.496    0.666    0.847    0.591    0.681    0.812
H-MgO_4_SiO2_4_Escatllar-site8    1.878    4    2    3.278    -1.801    1.417    1.749    -0.584    1.0    0.646    0.52    0.786    0.799    0.604    0.653
H-MgO_4_SiO2_4_Escatllar-site9    1.619    4    2    3.278    -1.94    1.501    1.733    -0.594    1.0    0.469    0.697    0.837    0.561    0.726    0.792
H-MgO_5_SiO2_5_Andreas_0-site10    1.32    5    2    3.502    -1.179    1.399    1.777    -0.576    1.0    0.696    0.501    0.723    0.828    0.687    0.589
H-MgO_5_SiO2_5_Andreas_0-site13    0.553    5    2    3.502    -3.532    2.001    1.654    -0.406    1.0    0.502    0.659    0.848    0.599    0.671    0.814
H-MgO_5_SiO2_5_Andreas_0-site15    0.384    5    3    3.502    -3.516    2.101    1.85    -0.398    1.0    0.168    0.552    0.654    0.543    0.622    0.5
H-MgO_5_SiO2_5_Andreas_0-site24    1.01    5    2    3.502    -1.461    1.442    1.76    -0.604    1.0    0.579    0.576    0.838    0.713    0.577    0.771
H-MgO_5_SiO2_5_Andreas_0-site4    0.712    5    3    3.502    -2.449    1.526    1.858    -0.599    1.0    0.463    0.231    0.692    0.687    0.457    0.521
H-MgO_5_SiO2_5_Andreas_0-site6    0.825    5    2    3.502    -1.676    1.423    1.77    -0.598    1.0    0.598    0.557    0.827    0.742    0.572    0.74
H-MgO_5_SiO2_5_Andreas_1-site10    1.055    5    2    3.366    -1.439    1.442    1.761    -0.602    1.0    0.577    0.578    0.839    0.71    0.578    0.773
H-MgO_5_SiO2_5_Andreas_1-site13    0.1    5    3    3.366    -3.621    2.1    1.827    -0.32    1.0    0.199    0.511    0.704    0.501    0.608    0.555
H-MgO_5_SiO2_5_Andreas_1-site17    1.587    5    2    3.366    -1.121    1.402    1.78    -0.57    1.0    0.705    0.5    0.71    0.829    0.703    0.586
H-MgO_5_SiO2_5_Andreas_1-site20    1.829    5    2    3.366    -1.69    1.421    1.753    -0.608    1.0    0.67    0.508    0.758    0.818    0.64    0.613
H-MgO_5_SiO2_5_Andreas_1-site21    1.695    5    2    3.366    -1.413    1.512    1.757    -0.544    1.0    0.533    0.624    0.85    0.644    0.623    0.812
H-MgO_5_SiO2_5_Andreas_1-site24    1.474    5    2    3.366    -2.141    1.379    1.758    -0.624    1.0    0.655    0.515    0.777    0.806    0.615    0.638
H-MgO_5_SiO2_5_Andreas_1-site7    0.564    5    2    3.366    -3.232    2.008    1.657    -0.36    1.0    0.498    0.664    0.847    0.594    0.678    0.813
H-MgO_5_SiO2_5_Andreas_2-site1    1.792    5    2    2.915    -1.583    1.425    1.758    -0.553    1.0    0.602    0.554    0.825    0.747    0.572    0.734
H-MgO_5_SiO2_5_Andreas_2-site16    1.343    5    2    2.915    -1.834    1.392    1.776    -0.623    1.0    0.614    0.543    0.816    0.763    0.575    0.712
H-MgO_5_SiO2_5_Andreas_2-site17    1.572    5    2    2.915    -2.316    1.407    1.757    -0.632    1.0    0.663    0.511    0.767    0.813    0.628    0.624
H-MgO_5_SiO2_5_Andreas_2-site20    0.94    5    2    2.915    -3.471    2.068    1.65    -0.299    1.0    0.49    0.673    0.845    0.584    0.691    0.809
H-MgO_5_SiO2_5_Andreas_2-site22    1.347    5    2    2.915    -2.083    1.477    1.72    -0.582    1.0    0.537    0.62    0.85    0.649    0.618    0.811
H-MgO_5_SiO2_5_Andreas_2-site4    1.346    5    2    2.915    -2.123    1.476    1.721    -0.578    1.0    0.535    0.623    0.85    0.646    0.621    0.812
H-MgO_5_SiO2_5_Andreas_2-site7    0.941    5    2    2.915    -3.448    2.071    1.65    -0.299    1.0    0.481    0.683    0.842    0.574    0.706    0.803
H-MgO_5_SiO2_5_Andreas_2-site9    1.788    5    2    2.915    -1.644    1.423    1.756    -0.556    1.0    0.6    0.556    0.826    0.744    0.572    0.738
H-MgO_5_SiO2_5_Andreas_3-site11    1.651    5    2    2.822    -2.432    1.386    1.764    -0.539    1.0    0.569    0.586    0.843    0.698    0.583    0.784
H-MgO_5_SiO2_5_Andreas_3-site12    0.976    5    2    2.822    -3.45    2.064    1.651    -0.291    1.0    0.462    0.705    0.833    0.555    0.737    0.784
H-MgO_5_SiO2_5_Andreas_3-site15    1.835    5    2    2.822    -1.359    1.411    1.761    -0.56    1.0    0.624    0.535    0.807    0.776    0.582    0.693
H-MgO_5_SiO2_5_Andreas_3-site16    1.565    5    2    2.822    -1.79    1.439    1.729    -0.585    1.0    0.586    0.569    0.835    0.724    0.573    0.76
H-MgO_5_SiO2_5_Andreas_3-site18    1.452    5    2    2.822    -2.793    1.381    1.751    -0.637    1.0    0.65    0.518    0.782    0.803    0.609    0.645
H-MgO_5_SiO2_5_Andreas_3-site19    1.627    5    2    2.822    -2.601    1.413    1.745    -0.619    1.0    0.65    0.517    0.782    0.803    0.609    0.645
H-MgO_5_SiO2_5_Andreas_3-site2    1.61    5    2    2.822    -1.664    1.379    1.778    -0.63    1.0    0.63    0.531    0.803    0.782    0.586    0.683
H-MgO_5_SiO2_5_Andreas_3-site3    0.829    5    2    2.822    -4.129    2.08    1.647    -0.28    1.0    0.472    0.693    0.838    0.564    0.721    0.795
H-MgO_5_SiO2_5_Andreas_3-site5    1.492    5    2    2.822    -2.702    1.423    1.734    -0.526    1.0    0.568    0.587    0.843    0.697    0.584    0.784
H-MgO_5_SiO2_5_Escatllar-site10    0.259    5    2    3.425    -3.609    1.995    1.658    -0.407    1.0    0.504    0.657    0.849    0.601    0.668    0.815
H-MgO_5_SiO2_5_Escatllar-site15    1.299    5    2    3.425    -1.098    1.393    1.789    -0.601    1.0    0.684    0.503    0.74    0.825    0.664    0.597
H-MgO_5_SiO2_5_Escatllar-site16    0.19    5    3    3.425    -3.394    2.12    1.833    -0.301    1.0    0.233    0.546    0.645    0.492    0.693    0.511
H-MgO_5_SiO2_5_Escatllar-site20    1.16    5    2    3.425    -1.402    1.454    1.761    -0.591    1.0    0.575    0.58    0.84    0.707    0.579    0.776
H-MgO_5_SiO2_5_Escatllar-site5    0.387    5    3    3.425    -3.643    2.086    1.832    -0.383    1.0    0.202    0.537    0.658    0.544    0.621    0.506
H-MgO_6_SiO2_3_Andreas_0-site10    1.824    6    3    3.418    -1.167    0.793    1.922    -0.92    2.0    0.452    0.197    0.716    0.701    0.369    0.522
H-MgO_6_SiO2_3_Andreas_0-site15    1.833    6    3    3.418    -1.163    0.793    1.923    -0.92    2.0    0.452    0.196    0.716    0.701    0.369    0.522
H-MgO_6_SiO2_3_Andreas_0-site17    0.607    6    3    3.418    -2.745    1.552    1.876    -0.663    2.0    0.338    0.403    0.727    0.541    0.537    0.639
H-MgO_6_SiO2_3_Andreas_0-site5    1.361    6    2    3.418    -2.481    1.42    1.847    -0.651    2.0    0.665    0.51    0.765    0.814    0.63    0.622
H-MgO_6_SiO2_3_Andreas_0-site9    1.363    6    2    3.418    -2.477    1.42    1.847    -0.65    2.0    0.665    0.51    0.765    0.814    0.631    0.621
H-MgO_6_SiO2_3_Andreas_1-site10    1.88    6    3    3.337    -1.271    0.78    1.918    -0.931    2.0    0.428    0.227    0.734    0.68    0.343    0.561
H-MgO_6_SiO2_3_Andreas_1-site15    1.484    6    3    3.337    -1.265    0.78    1.919    -0.931    2.0    0.427    0.228    0.734    0.679    0.344    0.563
H-MgO_6_SiO2_3_Andreas_1-site6    0.976    6    3    3.337    -2.805    1.512    1.883    -0.688    2.0    0.384    0.334    0.733    0.599    0.457    0.631
H-MgO_6_SiO2_3_Andreas_2-site11    0.546    6    3    3.048    -3.16    1.441    1.87    -0.655    2.0    0.431    0.252    0.722    0.665    0.402    0.572
H-MgO_6_SiO2_3_Andreas_2-site19    1.878    6    3    3.048    -1.245    0.81    1.954    -0.925    2.0    0.467    0.249    0.691    0.666    0.46    0.575
H-MgO_6_SiO2_3_Andreas_2-site2    0.546    6    3    3.048    -3.152    1.44    1.871    -0.654    2.0    0.432    0.251    0.722    0.666    0.402    0.571
H-MgO_6_SiO2_3_Andreas_2-site6    1.069    6    3    3.048    -2.684    1.597    1.873    -0.678    2.0    0.313    0.477    0.686    0.484    0.648    0.612
H-MgO_6_SiO2_3_Andreas_3-site10    2.126    6    3    2.883    -1.436    0.807    1.952    -0.921    2.0    0.496    0.166    0.673    0.721    0.455    0.471
H-MgO_6_SiO2_3_Andreas_3-site13    1.792    6    2    2.883    -1.699    1.389    1.742    -0.655    2.0    0.59    0.565    0.832    0.73    0.572    0.754
H-MgO_6_SiO2_3_Andreas_3-site3    2.055    6    2    2.883    -1.196    1.37    1.764    -0.569    2.0    0.719    0.501    0.69    0.828    0.728    0.589
H-MgO_6_SiO2_3_Andreas_3-site5    1.892    6    2    2.883    -1.769    1.397    1.778    -0.602    2.0    0.716    0.501    0.693    0.828    0.724    0.588
H-MgO_6_SiO2_3_Andreas_3-site6    1.006    6    3    2.883    -2.556    1.508    1.862    -0.605    2.0    0.462    0.198    0.705    0.702    0.402    0.515
H-MgO_6_SiO2_3_Andreas_3-site8    1.074    6    3    2.883    -2.706    1.525    1.882    -0.658    2.0    0.287    0.399    0.768    0.531    0.446    0.675
H-MgO_6_SiO2_3_Escatllar-site12    1.652    6    3    3.45    -1.031    0.782    1.927    -0.909    2.0    0.489    0.158    0.683    0.724    0.431    0.468
H-MgO_6_SiO2_3_Escatllar-site2    1.232    6    2    3.45    -1.63    1.439    1.761    -0.608    2.0    0.598    0.558    0.828    0.741    0.572    0.741
H-MgO_6_SiO2_3_Escatllar-site20    1.184    6    2    3.45    -1.733    1.389    1.792    -0.61    2.0    0.654    0.516    0.778    0.806    0.614    0.639
H-MgO_6_SiO2_3_Escatllar-site6    1.691    6    3    3.45    -1.249    0.799    1.939    -0.953    2.0    0.419    0.28    0.721    0.652    0.431    0.57
H-MgO_6_SiO2_3_Escatllar-site8    1.213    6    2    3.45    -1.565    1.444    1.779    -0.593    2.0    0.606    0.55    0.822    0.753    0.573    0.727
H-MgO_6_SiO2_6_Andreas_0-site11    -0.147    6    2    3.378    -3.836    1.837    1.68    -0.378    1.0    0.697    0.501    0.722    0.828    0.688    0.589
H-MgO_6_SiO2_6_Andreas_0-site13    1.039    6    2    3.378    -1.739    1.457    1.739    -0.644    1.0    0.512    0.648    0.85    0.613    0.655    0.816
H-MgO_6_SiO2_6_Andreas_0-site16    0.125    6    2    3.378    -3.225    1.838    1.684    -0.391    1.0    0.692    0.501    0.73    0.827    0.678    0.592
H-MgO_6_SiO2_6_Andreas_0-site20    1.222    6    2    3.378    -1.148    1.362    1.788    -0.568    1.0    0.694    0.501    0.726    0.828    0.683    0.59
H-MgO_6_SiO2_6_Andreas_0-site24    0.852    6    2    3.378    -2.647    1.44    1.733    -0.65    1.0    0.509    0.651    0.849    0.608    0.66    0.816
H-MgO_6_SiO2_6_Andreas_1-site10    1.273    6    2    2.953    -1.697    1.416    1.738    -0.624    1.0    0.579    0.576    0.838    0.713    0.577    0.771
H-MgO_6_SiO2_6_Andreas_1-site18    0.32    6    3    2.953    -4.191    2.056    1.859    -0.391    1.0    0.198    0.541    0.653    0.554    0.614    0.502
H-MgO_6_SiO2_6_Andreas_1-site24    0.251    6    2    2.953    -4.33    1.969    1.652    -0.384    1.0    0.537    0.62    0.85    0.65    0.617    0.811
H-MgO_6_SiO2_6_Andreas_1-site29    1.371    6    2    2.953    -1.218    1.345    1.788    -0.576    1.0    0.699    0.5    0.719    0.829    0.692    0.588
H-MgO_6_SiO2_6_Andreas_1-site3    0.31    6    2    2.953    -3.406    1.838    1.691    -0.421    1.0    0.707    0.5    0.707    0.829    0.707    0.586
H-MgO_6_SiO2_6_Andreas_1-site4    0.131    6    3    2.953    -3.38    1.577    1.884    -0.617    1.0    0.319    0.406    0.731    0.563    0.511    0.598
H-MgO_6_SiO2_6_Andreas_1-site5    -0.047    6    3    2.953    -4.293    2.064    1.811    -0.328    1.0    0.3    0.422    0.739    0.527    0.528    0.636
H-MgO_6_SiO2_6_Andreas_2-site12    1.184    6    2    3.004    -2.07    1.361    1.76    -0.6    1.0    0.661    0.512    0.77    0.811    0.624    0.628
H-MgO_6_SiO2_6_Andreas_2-site13    0.321    6    2    3.004    -3.961    1.983    1.677    -0.343    1.0    0.542    0.615    0.85    0.657    0.612    0.808
H-MgO_6_SiO2_6_Andreas_2-site16    1.726    6    2    3.004    -2.22    1.423    1.759    -0.603    1.0    0.659    0.513    0.772    0.809    0.621    0.631
H-MgO_6_SiO2_6_Andreas_2-site19    1.32    6    2    3.004    -2.256    1.462    1.759    -0.586    1.0    0.515    0.644    0.85    0.617    0.65    0.816
H-MgO_6_SiO2_6_Andreas_2-site21    0.469    6    3    3.004    -3.264    2.061    1.861    -0.381    1.0    0.252    0.542    0.636    0.51    0.681    0.518
H-MgO_6_SiO2_6_Andreas_2-site22    0.203    6    3    3.004    -3.63    2.037    1.818    -0.356    1.0    0.26    0.467    0.722    0.503    0.584    0.602
H-MgO_6_SiO2_6_Andreas_2-site23    1.362    6    2    3.004    -1.759    1.425    1.74    -0.618    1.0    0.585    0.57    0.835    0.723    0.574    0.762
H-MgO_6_SiO2_6_Andreas_2-site24    0.701    6    2    3.004    -3.562    2.022    1.664    -0.305    1.0    0.517    0.642    0.85    0.62    0.647    0.816
H-MgO_6_SiO2_6_Andreas_2-site5    0.24    6    3    3.004    -3.719    2.04    1.809    -0.369    1.0    0.267    0.459    0.727    0.504    0.574    0.613
H-MgO_6_SiO2_6_Andreas_2-site6    1.325    6    2    3.004    -1.292    1.45    1.762    -0.595    1.0    0.578    0.577    0.839    0.712    0.577    0.772
H-MgO_6_SiO2_6_Andreas_2-site9    1.45    6    2    3.004    -1.493    1.395    1.769    -0.599    1.0    0.676    0.505    0.751    0.821    0.65    0.606
H-MgO_6_SiO2_6_Andreas_3-site0    0.546    6    2    2.756    -3.926    2.036    1.66    -0.29    1.0    0.51    0.65    0.85    0.61    0.658    0.816
H-MgO_6_SiO2_6_Andreas_3-site10    1.785    6    2    2.756    -2.415    1.419    1.748    -0.605    1.0    0.646    0.52    0.786    0.799    0.604    0.652
H-MgO_6_SiO2_6_Andreas_3-site16    0.869    6    2    2.756    -2.525    1.466    1.747    -0.661    1.0    0.509    0.652    0.849    0.608    0.661    0.816
H-MgO_6_SiO2_6_Andreas_3-site18    1.422    6    2    2.756    -1.653    1.398    1.766    -0.623    1.0    0.662    0.511    0.768    0.812    0.627    0.625
H-MgO_6_SiO2_6_Andreas_3-site19    1.483    6    2    2.756    -1.215    1.384    1.786    -0.571    1.0    0.695    0.501    0.724    0.828    0.685    0.589
H-MgO_6_SiO2_6_Andreas_3-site2    1.603    6    2    2.756    -2.041    1.429    1.755    -0.571    1.0    0.531    0.627    0.851    0.64    0.627    0.813
H-MgO_6_SiO2_6_Andreas_3-site21    1.263    6    2    2.756    -1.631    1.42    1.807    -0.619    1.0    0.687    0.502    0.737    0.825    0.669    0.595
H-MgO_6_SiO2_6_Andreas_3-site27    1.217    6    2    2.756    -2.44    1.442    1.751    -0.609    1.0    0.603    0.553    0.824    0.749    0.572    0.732
H-MgO_6_SiO2_6_Andreas_3-site28    0.923    6    3    2.756    -2.815    1.491    1.862    -0.631    1.0    0.38    0.322    0.74    0.612    0.427    0.619
H-MgO_6_SiO2_6_Andreas_3-site29    0.794    6    2    2.756    -3.634    2.069    1.658    -0.299    1.0    0.481    0.683    0.842    0.573    0.707    0.802
H-MgO_6_SiO2_6_Andreas_3-site7    1.465    6    2    2.756    -2.785    1.403    1.755    -0.609    1.0    0.657    0.514    0.774    0.808    0.619    0.633
H-MgO_6_SiO2_6_Andreas_3-site8    0.074    6    3    2.756    -4.015    2.153    1.83    -0.313    1.0    0.273    0.504    0.68    0.478    0.666    0.573
H-MgO_6_SiO2_6_Escatllar-site0    -0.245    6    3    4.005    -3.688    1.991    1.834    -0.389    1.0    0.22    0.525    0.662    0.554    0.607    0.508
H-MgO_6_SiO2_6_Escatllar-site11    1.063    6    2    4.005    -1.297    1.477    1.749    -0.559    1.0    0.55    0.606    0.848    0.67    0.601    0.802
H-MgO_6_SiO2_6_Escatllar-site12    1.026    6    2    4.005    -1.376    1.456    1.755    -0.577    1.0    0.566    0.589    0.844    0.694    0.585    0.787
H-MgO_6_SiO2_6_Escatllar-site15    -0.245    6    3    4.005    -3.688    1.991    1.834    -0.389    1.0    0.22    0.525    0.662    0.554    0.607    0.508
H-MgO_6_SiO2_6_Escatllar-site17    -0.126    6    3    4.005    -3.304    2.036    1.872    -0.435    1.0    0.218    0.582    0.576    0.579    0.646    0.508
H-MgO_6_SiO2_6_Escatllar-site2    0.879    6    2    4.005    -1.348    1.371    1.758    -0.594    1.0    0.667    0.509    0.762    0.816    0.635    0.618
H-MgO_6_SiO2_6_Escatllar-site20    0.879    6    2    4.005    -1.348    1.371    1.758    -0.594    1.0    0.667    0.509    0.762    0.816    0.635    0.618
H-MgO_6_SiO2_6_Escatllar-site25    1.063    6    2    4.005    -1.297    1.477    1.749    -0.559    1.0    0.55    0.606    0.848    0.67    0.601    0.802
H-MgO_6_SiO2_6_Escatllar-site26    0.989    6    2    4.005    -1.762    1.416    1.726    -0.637    1.0    0.561    0.594    0.845    0.687    0.59    0.792
H-MgO_6_SiO2_6_Escatllar-site6    0.989    6    2    4.005    -1.762    1.416    1.726    -0.637    1.0    0.561    0.594    0.845    0.687    0.59    0.792
H-MgO_6_SiO2_6_Escatllar-site8    -0.126    6    3    4.005    -3.304    2.036    1.872    -0.435    1.0    0.218    0.582    0.576    0.579    0.646    0.508
H-MgO_7_SiO2_7_Andreas_0-site12    1.108    7    2    3.988    -1.747    1.438    1.742    -0.599    1.0    0.544    0.613    0.849    0.66    0.609    0.807
H-MgO_7_SiO2_7_Andreas_0-site14    0.938    7    2    3.988    -1.394    1.381    1.766    -0.603    1.0    0.657    0.514    0.774    0.809    0.619    0.633
H-MgO_7_SiO2_7_Andreas_0-site15    0.704    7    2    3.988    -1.521    1.377    1.772    -0.607    1.0    0.66    0.512    0.771    0.81    0.623    0.629
H-MgO_7_SiO2_7_Andreas_0-site18    1.173    7    2    3.988    -1.397    1.419    1.76    -0.598    1.0    0.648    0.519    0.785    0.8    0.606    0.65
H-MgO_7_SiO2_7_Andreas_0-site19    0.856    7    2    3.988    -1.582    1.391    1.772    -0.606    1.0    0.648    0.519    0.784    0.8    0.606    0.649
H-MgO_7_SiO2_7_Andreas_0-site21    0.865    7    2    3.988    -1.297    1.397    1.771    -0.593    1.0    0.642    0.523    0.791    0.795    0.598    0.661
H-MgO_7_SiO2_7_Andreas_0-site3    0.067    7    2    3.988    -2.81    2.087    1.662    -0.283    1.0    0.499    0.663    0.847    0.594    0.677    0.813
H-MgO_7_SiO2_7_Andreas_0-site31    -0.047    7    2    3.988    -3.086    2.046    1.664    -0.298    1.0    0.52    0.639    0.851    0.624    0.642    0.816
H-MgO_7_SiO2_7_Andreas_0-site9    0.584    7    3    3.988    -1.951    1.452    1.879    -0.576    1.0    0.465    0.19    0.704    0.706    0.398    0.508
H-MgO_7_SiO2_7_Andreas_1-site13    0.905    7    2    3.633    -2.497    1.376    1.823    -0.564    1.0    0.702    0.5    0.715    0.829    0.697    0.587
H-MgO_7_SiO2_7_Andreas_1-site18    -0.557    7    3    3.633    -4.244    2.038    1.829    -0.367    1.0    0.241    0.49    0.704    0.515    0.598    0.563
H-MgO_7_SiO2_7_Andreas_1-site19    -0.071    7    2    3.633    -3.768    1.996    1.676    -0.411    1.0    0.488    0.675    0.845    0.581    0.694    0.808
H-MgO_7_SiO2_7_Andreas_1-site21    0.971    7    3    3.633    -2.028    1.475    1.904    -0.589    1.0    0.529    0.088    0.642    0.751    0.487    0.397
H-MgO_7_SiO2_7_Andreas_1-site7    0.56    7    3    3.633    -2.946    1.434    1.949    -0.612    1.0    0.554    0.098    0.61    0.748    0.536    0.407
H-MgO_7_SiO2_7_Andreas_2-site1    -0.278    7    3    3.711    -4.008    2.128    1.805    -0.363    1.0    0.177    0.517    0.708    0.492    0.608    0.558
H-MgO_7_SiO2_7_Andreas_2-site19    0.938    7    2    3.711    -2.315    1.46    1.786    -0.675    1.0    0.564    0.591    0.844    0.691    0.587    0.789
H-MgO_7_SiO2_7_Andreas_2-site23    1.34    7    2    3.711    -1.524    1.386    1.78    -0.622    1.0    0.643    0.522    0.789    0.796    0.6    0.658
H-MgO_7_SiO2_7_Andreas_2-site25    1.026    7    2    3.711    -3.17    2.13    1.658    -0.231    1.0    0.475    0.69    0.84    0.567    0.716    0.798
H-MgO_7_SiO2_7_Andreas_2-site26    1.254    7    2    3.711    -1.66    1.455    1.769    -0.574    1.0    0.599    0.557    0.827    0.743    0.572    0.739
H-MgO_7_SiO2_7_Andreas_2-site29    1.079    7    2    3.711    -1.476    1.406    1.752    -0.618    1.0    0.633    0.529    0.8    0.785    0.589    0.678
H-MgO_7_SiO2_7_Andreas_2-site3    -0.307    7    2    3.711    -3.455    2.01    1.66    -0.398    1.0    0.494    0.668    0.846    0.589    0.684    0.811
H-MgO_7_SiO2_7_Andreas_2-site30    1.226    7    2    3.711    -1.508    1.446    1.76    -0.582    1.0    0.649    0.518    0.783    0.802    0.608    0.647
H-MgO_7_SiO2_7_Andreas_2-site8    0.469    7    3    3.711    -2.552    1.536    1.868    -0.657    1.0    0.309    0.406    0.746    0.536    0.503    0.647
H-MgO_7_SiO2_7_Andreas_3-site16    0.316    7    2    1.842    -4.751    2.007    1.67    -0.309    1.0    0.459    0.708    0.832    0.552    0.741    0.781
H-MgO_7_SiO2_7_Andreas_3-site17    0.319    7    2    1.842    -4.744    2.008    1.671    -0.309    1.0    0.458    0.709    0.831    0.551    0.743    0.78
H-MgO_7_SiO2_7_Andreas_3-site2    0.791    7    2    1.842    -3.595    1.423    1.755    -0.598    1.0    0.584    0.57    0.835    0.722    0.574    0.763
H-MgO_7_SiO2_7_Andreas_3-site28    0.794    7    2    1.842    -3.592    1.423    1.755    -0.598    1.0    0.585    0.57    0.835    0.723    0.574    0.762
H-MgO_7_SiO2_7_Andreas_3-site31    1.973    7    1    1.842    -1.987    1.496    1.53    -0.612    1.0    1.0    1.0    1.0    1.0    1.0    1.0
H-MgO_7_SiO2_7_Andreas_3-site5    0.792    7    2    1.842    -3.596    1.423    1.755    -0.597    1.0    0.585    0.57    0.835    0.722    0.574    0.762
H-MgO_7_SiO2_7_Andreas_3-site6    0.316    7    2    1.842    -4.745    2.008    1.67    -0.309    1.0    0.459    0.708    0.832    0.552    0.742    0.781
H-MgO_7_SiO2_7_Escatllar-site15    -0.26    7    3    3.558    -4.214    2.031    1.826    -0.372    1.0    0.232    0.516    0.674    0.532    0.621    0.524
H-MgO_7_SiO2_7_Escatllar-site16    0.883    7    2    3.558    -1.936    1.375    1.775    -0.594    1.0    0.666    0.51    0.764    0.815    0.632    0.62
H-MgO_7_SiO2_7_Escatllar-site18    -0.339    7    3    3.558    -4.128    2.086    1.823    -0.319    1.0    0.229    0.48    0.73    0.487    0.584    0.606
H-MgO_7_SiO2_7_Escatllar-site26    -0.333    7    2    3.558    -3.56    2.03    1.662    -0.353    1.0    0.498    0.664    0.847    0.594    0.678    0.813
H-MgO_7_SiO2_7_Escatllar-site27    0.818    7    2    3.558    -1.951    1.414    1.761    -0.628    1.0    0.605    0.551    0.823    0.751    0.572    0.729
H-MgO_7_SiO2_7_Escatllar-site31    1.31    7    2    3.558    -1.752    1.424    1.746    -0.591    1.0    0.618    0.54    0.813    0.768    0.577    0.705
H-MgO_7_SiO2_7_Escatllar-site32    0.518    7    2    3.558    -2.716    1.828    1.684    -0.415    1.0    0.687    0.502    0.736    0.826    0.67    0.595
H-MgO_7_SiO2_7_Escatllar-site33    1.192    7    2    3.558    -1.684    1.56    1.752    -0.576    1.0    0.444    0.725    0.822    0.542    0.764    0.761
H-MgO_7_SiO2_7_Escatllar-site34    0.877    7    2    3.558    -1.679    1.512    1.741    -0.546    1.0    0.509    0.651    0.849    0.608    0.66    0.816
H-MgO_8_SiO2_4_Andreas_0-site1    1.156    8    3    3.5    -2.304    1.472    1.886    -0.638    2.0    0.49    0.185    0.678    0.71    0.454    0.496
H-MgO_8_SiO2_4_Andreas_0-site10    1.157    8    3    3.5    -2.292    1.474    1.886    -0.638    2.0    0.488    0.188    0.679    0.709    0.452    0.498
H-MgO_8_SiO2_4_Andreas_0-site13    1.329    8    2    3.5    -1.414    1.339    1.764    -0.625    2.0    0.688    0.502    0.735    0.826    0.671    0.594
H-MgO_8_SiO2_4_Andreas_0-site20    1.154    8    3    3.5    -2.299    1.473    1.886    -0.638    2.0    0.489    0.187    0.678    0.71    0.453    0.497
H-MgO_8_SiO2_4_Andreas_0-site21    1.328    8    2    3.5    -1.404    1.34    1.764    -0.625    2.0    0.688    0.502    0.735    0.826    0.671    0.594
H-MgO_8_SiO2_4_Andreas_0-site23    1.331    8    2    3.5    -1.408    1.339    1.765    -0.625    2.0    0.688    0.502    0.735    0.826    0.671    0.594
H-MgO_8_SiO2_4_Andreas_0-site24    1.334    8    2    3.5    -1.401    1.34    1.765    -0.625    2.0    0.688    0.502    0.735    0.826    0.671    0.594
H-MgO_8_SiO2_4_Andreas_0-site25    1.157    8    3    3.5    -2.299    1.473    1.886    -0.638    2.0    0.49    0.185    0.677    0.71    0.454    0.495
H-MgO_8_SiO2_4_Andreas_1-site10    0.059    8    2    3.353    -3.318    1.826    1.675    -0.382    2.0    0.688    0.502    0.735    0.826    0.671    0.594
H-MgO_8_SiO2_4_Andreas_1-site12    0.512    8    3    3.353    -2.949    1.515    1.912    -0.633    2.0    0.416    0.294    0.715    0.645    0.456    0.565
H-MgO_8_SiO2_4_Andreas_1-site13    0.625    8    2    3.353    -2.297    1.389    1.751    -0.612    2.0    0.588    0.567    0.834    0.727    0.573    0.757
H-MgO_8_SiO2_4_Andreas_1-site14    1.744    8    3    3.353    -1.039    0.782    1.942    -0.977    2.0    0.404    0.337    0.716    0.596    0.492    0.635
H-MgO_8_SiO2_4_Andreas_1-site16    0.623    8    2    3.353    -2.304    1.389    1.751    -0.612    2.0    0.587    0.568    0.834    0.726    0.573    0.758
H-MgO_8_SiO2_4_Andreas_1-site18    0.514    8    3    3.353    -2.948    1.515    1.912    -0.634    2.0    0.417    0.294    0.715    0.645    0.456    0.565
H-MgO_8_SiO2_4_Andreas_1-site19    1.617    8    3    3.353    -1.206    0.787    1.93    -0.919    2.0    0.474    0.228    0.688    0.682    0.453    0.552
H-MgO_8_SiO2_4_Andreas_1-site2    0.625    8    2    3.353    -2.303    1.389    1.751    -0.612    2.0    0.587    0.567    0.834    0.726    0.573    0.758
H-MgO_8_SiO2_4_Andreas_1-site20    0.623    8    2    3.353    -2.304    1.389    1.751    -0.612    2.0    0.588    0.567    0.834    0.727    0.573    0.758
H-MgO_8_SiO2_4_Andreas_1-site21    0.514    8    3    3.353    -2.948    1.515    1.912    -0.634    2.0    0.416    0.294    0.716    0.645    0.456    0.565
H-MgO_8_SiO2_4_Andreas_1-site24    0.059    8    2    3.353    -3.311    1.826    1.676    -0.383    2.0    0.688    0.502    0.735    0.826    0.672    0.594
H-MgO_8_SiO2_4_Andreas_1-site26    0.514    8    3    3.353    -2.951    1.514    1.912    -0.633    2.0    0.417    0.293    0.715    0.646    0.455    0.565
H-MgO_8_SiO2_4_Andreas_1-site5    1.616    8    3    3.353    -1.206    0.786    1.931    -0.919    2.0    0.475    0.227    0.687    0.682    0.453    0.551
H-MgO_8_SiO2_4_Andreas_1-site6    1.743    8    3    3.353    -1.034    0.784    1.942    -0.978    2.0    0.402    0.339    0.716    0.594    0.493    0.636
H-MgO_8_SiO2_4_Andreas_2-site11    1.538    8    2    2.994    -1.3    1.409    1.79    -0.588    2.0    0.687    0.502    0.737    0.825    0.669    0.595
H-MgO_8_SiO2_4_Andreas_2-site12    1.849    8    3    2.994    -1.475    0.863    1.949    -0.976    2.0    0.29    0.522    0.592    0.646    0.579    0.456
H-MgO_8_SiO2_4_Andreas_2-site14    1.516    8    2    2.994    -1.818    1.465    1.764    -0.591    2.0    0.57    0.584    0.842    0.701    0.582    0.781
H-MgO_8_SiO2_4_Andreas_2-site16    1.32    8    2    2.994    -1.515    1.388    1.781    -0.617    2.0    0.635    0.527    0.797    0.788    0.591    0.673
H-MgO_8_SiO2_4_Andreas_2-site18    1.476    8    3    2.994    -2.635    1.454    1.879    -0.634    2.0    0.498    0.175    0.668    0.717    0.469    0.477
H-MgO_8_SiO2_4_Andreas_2-site2    0.832    8    3    2.994    -2.701    1.459    1.874    -0.638    2.0    0.477    0.187    0.691    0.71    0.43    0.495
H-MgO_8_SiO2_4_Andreas_2-site23    1.673    8    2    2.994    -1.887    1.387    1.779    -0.64    2.0    0.643    0.522    0.79    0.795    0.599    0.659
H-MgO_8_SiO2_4_Andreas_2-site24    1.577    8    2    2.994    -1.454    1.39    1.763    -0.58    2.0    0.641    0.524    0.792    0.793    0.597    0.663
H-MgO_8_SiO2_4_Andreas_2-site25    0.72    8    3    2.994    -2.674    1.513    1.86    -0.673    2.0    0.315    0.373    0.766    0.556    0.424    0.669
H-MgO_8_SiO2_4_Andreas_2-site27    1.044    8    3    2.994    -2.325    1.447    1.888    -0.608    2.0    0.536    0.072    0.634    0.755    0.499    0.384
H-MgO_8_SiO2_4_Andreas_3-site13    1.992    8    3    3.147    -1.54    0.782    1.938    -0.948    2.0    0.447    0.206    0.72    0.695    0.365    0.533
H-MgO_8_SiO2_4_Andreas_3-site14    1.65    8    2    3.147    -1.453    1.416    1.756    -0.579    2.0    0.629    0.532    0.803    0.781    0.585    0.684
H-MgO_8_SiO2_4_Andreas_3-site15    1.036    8    3    3.147    -3.198    1.561    1.868    -0.679    2.0    0.385    0.366    0.696    0.615    0.536    0.529
H-MgO_8_SiO2_4_Andreas_3-site19    1.546    8    2    3.147    -1.558    1.385    1.751    -0.579    2.0    0.633    0.529    0.8    0.785    0.589    0.677
H-MgO_8_SiO2_4_Andreas_3-site21    1.99    8    3    3.147    -1.546    0.778    1.938    -0.948    2.0    0.448    0.204    0.72    0.697    0.365    0.531
H-MgO_8_SiO2_4_Andreas_3-site22    1.04    8    3    3.147    -3.208    1.556    1.868    -0.68    2.0    0.387    0.359    0.701    0.615    0.526    0.541
H-MgO_8_SiO2_4_Andreas_3-site3    1.654    8    2    3.147    -1.431    1.413    1.757    -0.58    2.0    0.632    0.53    0.801    0.784    0.588    0.679
H-MgO_8_SiO2_4_Andreas_3-site4    1.634    8    2    3.147    -1.64    1.428    1.785    -0.583    2.0    0.639    0.524    0.793    0.792    0.596    0.665
H-MgO_8_SiO2_4_Andreas_3-site8    1.635    8    2    3.147    -1.648    1.425    1.784    -0.583    2.0    0.64    0.524    0.793    0.793    0.596    0.664
H-MgO_8_SiO2_4_Andreas_3-site9    1.548    8    2    3.147    -1.549    1.387    1.751    -0.58    2.0    0.631    0.53    0.801    0.783    0.587    0.681
H-MgO_8_SiO2_4_Escatllar-site1    1.607    8    2    2.264    -3.15    1.395    1.739    -0.64    2.0    0.613    0.545    0.817    0.761    0.575    0.715
H-MgO_8_SiO2_4_Escatllar-site10    1.177    8    3    2.264    -3.144    1.429    1.925    -0.642    2.0    0.561    0.04    0.602    0.761    0.546    0.363
H-MgO_8_SiO2_4_Escatllar-site12    1.566    8    3    2.264    -2.317    1.488    1.904    -0.643    2.0    0.486    0.244    0.672    0.672    0.49    0.562
H-MgO_8_SiO2_4_Escatllar-site15    1.885    8    2    2.264    -1.34    1.376    1.774    -0.589    2.0    0.679    0.505    0.747    0.822    0.654    0.603
H-MgO_8_SiO2_4_Escatllar-site20    0.981    8    3    2.264    -3.352    1.507    1.91    -0.681    2.0    0.407    0.387    0.654    0.623    0.599    0.477
H-MgO_8_SiO2_4_Escatllar-site21    1.888    8    3    2.264    -1.254    0.796    1.934    -0.94    2.0    0.468    0.281    0.668    0.659    0.532    0.539
H-MgO_8_SiO2_4_Escatllar-site22    1.71    8    2    2.264    -2.984    1.411    1.741    -0.642    2.0    0.621    0.538    0.81    0.772    0.579    0.699
H-MgO_8_SiO2_4_Escatllar-site23    0.317    8    3    2.264    -4.804    2.054    1.857    -0.52    2.0    0.229    0.522    0.681    0.476    0.67    0.542
H-MgO_8_SiO2_4_Escatllar-site26    1.602    8    2    2.264    -1.87    1.369    1.777    -0.631    2.0    0.697    0.501    0.722    0.828    0.688    0.589
H-MgO_8_SiO2_4_Escatllar-site3    1.849    8    2    2.264    -1.473    1.375    1.771    -0.584    2.0    0.694    0.501    0.726    0.828    0.682    0.59
H-MgO_8_SiO2_4_Escatllar-site8    1.475    8    3    2.264    -2.883    1.475    1.945    -0.624    2.0    0.486    0.216    0.673    0.696    0.483    0.511
H-MgO_8_SiO2_8_Andreas_0-site0    0.849    8    2    3.493    -1.522    1.505    1.759    -0.584    1.0    0.452    0.716    0.828    0.547    0.752    0.772
H-MgO_8_SiO2_8_Andreas_0-site12    -0.124    8    3    3.493    -3.535    1.991    1.826    -0.392    1.0    0.264    0.451    0.737    0.507    0.551    0.624
H-MgO_8_SiO2_8_Andreas_0-site14    0.836    8    2    3.493    -1.771    1.478    1.761    -0.627    1.0    0.518    0.641    0.85    0.622    0.645    0.816
H-MgO_8_SiO2_8_Andreas_0-site18    0.09    8    2    3.493    -3.627    1.97    1.668    -0.376    1.0    0.57    0.584    0.842    0.701    0.582    0.781
H-MgO_8_SiO2_8_Andreas_0-site20    1.046    8    2    3.493    -1.237    1.408    1.78    -0.591    1.0    0.656    0.515    0.776    0.807    0.617    0.636
H-MgO_8_SiO2_8_Andreas_0-site26    0.976    8    2    3.493    -1.342    1.415    1.756    -0.578    1.0    0.659    0.513    0.772    0.81    0.622    0.63
H-MgO_8_SiO2_8_Andreas_0-site32    0.931    8    2    3.493    -1.759    1.405    1.768    -0.564    1.0    0.632    0.529    0.8    0.785    0.588    0.678
H-MgO_8_SiO2_8_Andreas_0-site33    0.88    8    2    3.493    -1.748    1.421    1.765    -0.635    1.0    0.568    0.587    0.843    0.697    0.584    0.785
H-MgO_8_SiO2_8_Andreas_0-site35    0.424    8    3    3.493    -2.598    1.477    1.878    -0.678    1.0    0.341    0.39    0.731    0.559    0.513    0.628
H-MgO_8_SiO2_8_Andreas_1-site0    1.018    8    2    3.488    -1.533    1.501    1.762    -0.6    1.0    0.46    0.707    0.832    0.553    0.74    0.782
H-MgO_8_SiO2_8_Andreas_1-site1    -0.124    8    3    3.488    -3.793    2.061    1.849    -0.381    1.0    0.172    0.609    0.58    0.494    0.749    0.411
H-MgO_8_SiO2_8_Andreas_1-site12    -0.037    8    3    3.488    -3.551    1.981    1.829    -0.409    1.0    0.255    0.469    0.72    0.517    0.572    0.586
H-MgO_8_SiO2_8_Andreas_1-site13    0.947    8    2    3.488    -2.806    1.48    1.771    -0.688    1.0    0.527    0.631    0.851    0.635    0.631    0.814
H-MgO_8_SiO2_8_Andreas_1-site14    0.9    8    2    3.488    -1.856    1.43    1.752    -0.592    1.0    0.579    0.575    0.838    0.714    0.576    0.77
H-MgO_8_SiO2_8_Andreas_1-site18    -0.064    8    2    3.488    -3.421    1.98    1.663    -0.374    1.0    0.557    0.599    0.846    0.68    0.594    0.796
H-MgO_8_SiO2_8_Andreas_1-site19    0.558    8    3    3.488    -3.348    1.49    1.873    -0.762    1.0    0.334    0.399    0.732    0.546    0.523    0.637
H-MgO_8_SiO2_8_Andreas_1-site26    1.258    8    2    3.488    -1.353    1.419    1.76    -0.575    1.0    0.677    0.505    0.75    0.821    0.651    0.605
H-MgO_8_SiO2_8_Andreas_1-site32    0.854    8    2    3.488    -1.96    1.414    1.758    -0.613    1.0    0.592    0.563    0.831    0.733    0.572    0.75
H-MgO_8_SiO2_8_Andreas_1-site33    0.911    8    2    3.488    -1.919    1.439    1.757    -0.595    1.0    0.59    0.565    0.832    0.731    0.572    0.753
H-MgO_8_SiO2_8_Andreas_2-site1    0.263    8    2    3.256    -3.302    2.023    1.666    -0.361    1.0    0.492    0.67    0.846    0.587    0.687    0.81
H-MgO_8_SiO2_8_Andreas_2-site11    1.326    8    2    3.256    -1.501    1.432    1.763    -0.591    1.0    0.619    0.539    0.812    0.769    0.578    0.704
H-MgO_8_SiO2_8_Andreas_2-site15    1.269    8    2    3.256    -1.459    1.511    1.755    -0.553    1.0    0.534    0.623    0.85    0.645    0.622    0.812
H-MgO_8_SiO2_8_Andreas_2-site16    0.95    8    2    3.256    -2.821    1.465    1.8    -0.62    1.0    0.574    0.581    0.841    0.706    0.58    0.777
H-MgO_8_SiO2_8_Andreas_2-site17    1.492    8    2    3.256    -2.225    1.375    1.776    -0.536    1.0    0.646    0.52    0.786    0.799    0.604    0.652
H-MgO_8_SiO2_8_Andreas_2-site38    1.424    8    2    3.256    -1.686    1.386    1.773    -0.62    1.0    0.628    0.532    0.804    0.78    0.584    0.687
H-MgO_8_SiO2_8_Andreas_2-site39    -0.197    8    3    3.256    -3.848    2.099    1.818    -0.32    1.0    0.196    0.512    0.706    0.492    0.615    0.558
H-MgO_8_SiO2_8_Andreas_2-site6    -0.143    8    3    3.256    -3.934    2.103    1.795    -0.345    1.0    0.205    0.498    0.722    0.48    0.602    0.588
H-MgO_8_SiO2_8_Andreas_3-site0    1.112    8    2    3.392    -1.409    1.499    1.759    -0.558    1.0    0.546    0.611    0.849    0.663    0.607    0.806
H-MgO_8_SiO2_8_Andreas_3-site18    -0.056    8    2    3.392    -3.258    2.011    1.672    -0.374    1.0    0.499    0.662    0.848    0.595    0.676    0.813
H-MgO_8_SiO2_8_Andreas_3-site27    -0.266    8    3    3.392    -3.921    2.106    1.804    -0.363    1.0    0.205    0.487    0.736    0.478    0.578    0.612
H-MgO_8_SiO2_8_Andreas_3-site28    1.028    8    2    3.392    -2.018    1.419    1.769    -0.642    1.0    0.56    0.595    0.845    0.686    0.59    0.793
H-MgO_8_SiO2_8_Andreas_3-site29    -0.394    8    3    3.392    -3.899    2.103    1.817    -0.314    1.0    0.204    0.511    0.705    0.49    0.621    0.558
H-MgO_8_SiO2_8_Andreas_3-site31    0.372    8    2    3.392    -3.237    1.845    1.693    -0.378    1.0    0.702    0.5    0.714    0.829    0.698    0.587
H-MgO_8_SiO2_8_Andreas_3-site6    1.118    8    2    3.392    -1.983    1.364    1.798    -0.581    1.0    0.669    0.508    0.759    0.817    0.638    0.615
H-MgO_8_SiO2_8_Andreas_3-site7    0.389    8    3    3.392    -2.959    1.516    1.866    -0.707    1.0    0.385    0.293    0.751    0.63    0.365    0.621
H-MgO_8_SiO2_8_Andreas_3-site8    1.137    8    2    3.392    -1.472    1.451    1.767    -0.61    1.0    0.565    0.59    0.844    0.692    0.586    0.788
H-MgO_8_SiO2_8_Escatllar-site16    -0.199    8    2    3.752    -3.168    1.973    1.665    -0.337    1.0    0.55    0.606    0.848    0.669    0.601    0.802
H-MgO_8_SiO2_8_Escatllar-site19    0.897    8    2    3.752    -2.064    1.466    1.756    -0.618    1.0    0.56    0.595    0.846    0.685    0.591    0.793
H-MgO_8_SiO2_8_Escatllar-site20    -0.667    8    3    3.752    -4.234    2.038    1.815    -0.353    1.0    0.247    0.461    0.74    0.493    0.559    0.627
H-MgO_8_SiO2_8_Escatllar-site21    0.314    8    3    3.752    -3.004    1.485    1.873    -0.695    1.0    0.366    0.37    0.722    0.581    0.507    0.612
H-MgO_8_SiO2_8_Escatllar-site26    0.716    8    2    3.752    -1.87    1.388    1.764    -0.616    1.0    0.646    0.52    0.786    0.799    0.604    0.652
H-MgO_8_SiO2_8_Escatllar-site33    0.974    8    2    3.752    -1.423    1.418    1.765    -0.559    1.0    0.669    0.508    0.76    0.817    0.638    0.615
H-MgO_8_SiO2_8_Escatllar-site36    0.721    8    2    3.752    -1.546    1.394    1.758    -0.64    1.0    0.59    0.565    0.832    0.73    0.572    0.754
H-MgO_8_SiO2_8_Escatllar-site38    0.843    8    2    3.752    -1.385    1.416    1.768    -0.554    1.0    0.641    0.524    0.792    0.793    0.597    0.663
H-MgO_8_SiO2_8_Escatllar-site4    -0.274    8    2    3.752    -3.299    1.965    1.664    -0.34    1.0    0.548    0.608    0.848    0.667    0.603    0.803
H-MgO_9_SiO2_9_Andreas_0-site1    0.569    9    2    3.986    -2.197    1.482    1.749    -0.557    1.0    0.501    0.66    0.848    0.598    0.672    0.814
H-MgO_9_SiO2_9_Andreas_0-site10    0.865    9    2    3.986    -1.83    1.42    1.785    -0.564    1.0    0.608    0.549    0.821    0.755    0.573    0.724
H-MgO_9_SiO2_9_Andreas_0-site17    0.853    9    2    3.986    -1.776    1.408    1.75    -0.609    1.0    0.592    0.564    0.831    0.732    0.572    0.752
H-MgO_9_SiO2_9_Andreas_0-site18    0.563    9    3    3.986    -2.382    1.461    1.898    -0.644    1.0    0.494    0.195    0.669    0.707    0.477    0.496
H-MgO_9_SiO2_9_Andreas_0-site19    0.233    9    2    3.986    -3.37    2.077    1.66    -0.281    1.0    0.441    0.728    0.821    0.541    0.768    0.757
H-MgO_9_SiO2_9_Andreas_0-site27    -0.448    9    2    3.986    -3.879    2.056    1.644    -0.287    1.0    0.496    0.665    0.847    0.592    0.68    0.812
H-MgO_9_SiO2_9_Andreas_0-site29    0.981    9    2    3.986    -1.415    1.42    1.771    -0.612    1.0    0.599    0.557    0.827    0.743    0.572    0.74
H-MgO_9_SiO2_9_Andreas_0-site34    0.874    9    2    3.986    -1.433    1.411    1.764    -0.587    1.0    0.63    0.531    0.802    0.782    0.586    0.683
H-MgO_9_SiO2_9_Andreas_1-site1    0.843    9    2    3.041    -2.678    1.436    1.739    -0.62    1.0    0.535    0.622    0.85    0.647    0.62    0.811
H-MgO_9_SiO2_9_Andreas_1-site18    -0.018    9    2    3.041    -4.18    1.824    1.678    -0.39    1.0    0.701    0.5    0.715    0.829    0.697    0.587
H-MgO_9_SiO2_9_Andreas_1-site21    1.236    9    2    3.041    -1.92    1.448    1.743    -0.61    1.0    0.552    0.604    0.848    0.672    0.599    0.801
H-MgO_9_SiO2_9_Andreas_1-site22    1.334    9    2    3.041    -1.763    1.502    1.753    -0.561    1.0    0.551    0.605    0.848    0.671    0.6    0.802
H-MgO_9_SiO2_9_Andreas_1-site25    0.221    9    3    3.041    -3.863    1.48    1.89    -0.685    1.0    0.405    0.268    0.742    0.651    0.363    0.595
H-MgO_9_SiO2_9_Andreas_1-site26    0.726    9    2    3.041    -2.536    1.424    1.743    -0.637    1.0    0.57    0.585    0.842    0.7    0.582    0.782
H-MgO_9_SiO2_9_Andreas_1-site30    0.274    9    2    3.041    -3.564    1.481    1.77    -0.665    1.0    0.447    0.721    0.825    0.544    0.759    0.765
H-MgO_9_SiO2_9_Andreas_1-site38    -0.336    9    2    3.041    -4.162    2.036    1.655    -0.298    1.0    0.506    0.655    0.849    0.604    0.665    0.815
H-MgO_9_SiO2_9_Andreas_1-site42    1.254    9    2    3.041    -1.787    1.445    1.74    -0.586    1.0    0.566    0.589    0.843    0.695    0.585    0.786
H-MgO_9_SiO2_9_Andreas_1-site43    -0.312    9    3    3.041    -4.684    1.918    1.84    -0.415    1.0    0.237    0.531    0.667    0.474    0.689    0.532
H-MgO_9_SiO2_9_Andreas_1-site7    0.667    9    2    3.041    -2.624    1.404    1.76    -0.572    1.0    0.616    0.542    0.815    0.765    0.576    0.71
H-MgO_9_SiO2_9_Andreas_1-site8    1.034    9    2    3.041    -2.235    1.431    1.763    -0.562    1.0    0.623    0.536    0.809    0.774    0.581    0.696
H-MgO_9_SiO2_9_Andreas_2-site10    0.418    9    2    3.973    -2.151    1.447    1.738    -0.595    1.0    0.532    0.626    0.85    0.642    0.625    0.813
H-MgO_9_SiO2_9_Andreas_2-site12    0.593    9    3    3.973    -2.193    1.529    1.893    -0.632    1.0    0.397    0.314    0.731    0.616    0.442    0.621
H-MgO_9_SiO2_9_Andreas_2-site22    0.692    9    2    3.973    -1.747    1.404    1.755    -0.591    1.0    0.568    0.587    0.843    0.698    0.583    0.784
H-MgO_9_SiO2_9_Andreas_2-site3    0.883    9    2    3.973    -1.579    1.486    1.743    -0.566    1.0    0.54    0.616    0.85    0.655    0.613    0.809
H-MgO_9_SiO2_9_Andreas_2-site33    0.373    9    2    3.973    -1.94    1.497    1.73    -0.552    1.0    0.456    0.711    0.83    0.55    0.746    0.777
H-MgO_9_SiO2_9_Andreas_2-site34    0.876    9    2    3.973    -1.477    1.43    1.758    -0.6    1.0    0.609    0.547    0.82    0.757    0.573    0.721
H-MgO_9_SiO2_9_Andreas_2-site41    0.95    9    2    3.973    -1.035    1.38    1.799    -0.611    1.0    0.676    0.506    0.751    0.821    0.649    0.607
H-MgO_9_SiO2_9_Andreas_3-site15    1.135    9    2    3.476    -1.87    1.489    1.758    -0.577    1.0    0.486    0.677    0.844    0.579    0.698    0.806
H-MgO_9_SiO2_9_Andreas_3-site24    1.217    9    2    3.476    -1.138    1.36    1.778    -0.624    1.0    0.658    0.513    0.773    0.809    0.621    0.631
H-MgO_9_SiO2_9_Andreas_3-site31    1.043    9    2    3.476    -1.84    1.443    1.772    -0.592    1.0    0.556    0.599    0.847    0.679    0.595    0.797
H-MgO_9_SiO2_9_Andreas_3-site35    0.899    9    2    3.476    -2.048    1.445    1.772    -0.628    1.0    0.556    0.6    0.847    0.678    0.595    0.797
H-MgO_9_SiO2_9_Andreas_3-site38    1.304    9    2    3.476    -2.231    1.402    1.746    -0.582    1.0    0.557    0.598    0.846    0.681    0.593    0.796
H-MgO_9_SiO2_9_Andreas_3-site39    0.133    9    2    3.476    -3.286    1.859    1.684    -0.371    1.0    0.684    0.503    0.74    0.825    0.664    0.597
H-MgO_9_SiO2_9_Andreas_3-site40    0.513    9    2    3.476    -2.441    1.447    1.762    -0.604    1.0    0.502    0.659    0.848    0.598    0.672    0.814
H-MgO_9_SiO2_9_Andreas_3-site6    0.649    9    2    3.476    -3.494    1.813    1.687    -0.366    1.0    0.672    0.507    0.755    0.819    0.643    0.611
H-MgO_9_SiO2_9_Andreas_3-site7    0.789    9    2    3.476    -2.493    1.368    1.766    -0.565    1.0    0.636    0.527    0.797    0.789    0.592    0.672
H-MgO_9_SiO2_9_Escatllar-site18    0.563    9    2    3.385    -2.509    1.411    1.76    -0.607    1.0    0.488    0.675    0.844    0.581    0.695    0.807
H-MgO_9_SiO2_9_Escatllar-site24    0.873    9    2    3.385    -2.624    1.383    1.75    -0.548    1.0    0.642    0.523    0.79    0.795    0.599    0.66
H-MgO_9_SiO2_9_Escatllar-site26    1.203    9    2    3.385    -1.245    1.342    1.768    -0.628    1.0    0.68    0.504    0.746    0.823    0.656    0.602
H-MgO_9_SiO2_9_Escatllar-site29    0.872    9    2    3.385    -2.281    1.414    1.748    -0.652    1.0    0.546    0.61    0.849    0.664    0.606    0.805
H-MgO_9_SiO2_9_Escatllar-site3    0.503    9    2    3.385    -2.572    1.457    1.737    -0.554    1.0    0.493    0.67    0.846    0.587    0.687    0.81
H-MgO_9_SiO2_9_Escatllar-site30    0.952    9    2    3.385    -2.32    1.411    1.743    -0.623    1.0    0.587    0.568    0.834    0.725    0.573    0.759
H-MgO_9_SiO2_9_Escatllar-site33    -0.118    9    2    3.385    -3.523    1.829    1.683    -0.371    1.0    0.699    0.5    0.72    0.829    0.691    0.588
H-MgO_9_SiO2_9_Escatllar-site43    0.414    9    2    3.385    -2.362    1.408    1.74    -0.629    1.0    0.538    0.619    0.85    0.651    0.616    0.81